[{"construction_lines": [], "shape_curves": [], "raw_construction_lines": [], "raw_shape_curves": [], "line_points": [], "line_directions": [[0, 1, 0]], "line_lengths": [], "points_info": {}}, {"construction_lines": [[[-0.23857095653795807, 1.5326035378875724, -0.39869331807351904], [0.14739853317522614, 1.5326035378870975, -0.4937541189744394]]], "shape_curves": [], "raw_construction_lines": [[[-0.23859293460845946, 1.53558928668499, -0.3986879050731659], [0.14742051124572753, 1.5296177890896798, -0.4937595319747925]]], "raw_shape_curves": [], "line_points": [[-0.23857095653795807, 1.5326035378875724, -0.39869331807351904], [0.14739853317522614, 1.5326035378870975, -0.4937541189744394], [-0.045586211681365965, 1.532603537887335, -0.44622371852397924]], "line_directions": [[0, 1, 0], [0.9709839685241564, -1.194840937259363e-12, -0.23914458569886124]], "line_lengths": [0.39750346269860376], "points_info": {"0": [[0.9709839685241564, -1.194840937259363e-12, -0.23914458569886124]], "1": [[0.9709839685241564, -1.194840937259363e-12, -0.23914458569886124]], "2": [[0.9709839685241564, -1.194840937259363e-12, -0.23914458569886124]]}}, {"construction_lines": [[[-0.23857095653795807, 1.5326035378875724, -0.39869331807351904], [0.14739853317522614, 1.5326035378870975, -0.4937541189744394]], [[-0.23857095653795818, 1.5326035378875724, -0.3986933180735189], [-0.14351015563703762, 1.532603537887572, -0.01272382836033438]]], "shape_curves": [], "raw_construction_lines": [[[-0.23859293460845946, 1.53558928668499, -0.3986879050731659], [0.14742051124572753, 1.5296177890896798, -0.4937595319747925]], [[-0.24147098362445832, 1.5295006942749023, -0.400557256937027], [-0.14166314125061036, 1.5434916573762893, -0.03841125920414924]]], "raw_shape_curves": [], "line_points": [[-0.23857095653795807, 1.5326035378875724, -0.39869331807351904], [0.14739853317522614, 1.5326035378870975, -0.4937541189744394], [-0.045586211681365965, 1.532603537887335, -0.44622371852397924], [-0.14351015563703762, 1.532603537887572, -0.01272382836033438], [-0.1910405560874979, 1.5326035378875722, -0.20570857321692662]], "line_directions": [[0, 1, 0], [0.9709839685241564, -1.194840937259363e-12, -0.23914458569886124], [0.23914458569886163, -1.1171958272644807e-15, 0.9709839685241564]], "line_lengths": [0.39750346269860376], "points_info": {"0": [[0.9709839685241564, -1.194840937259363e-12, -0.23914458569886124], [0.23914458569886163, -1.1171958272644807e-15, 0.9709839685241564]], "1": [[0.9709839685241564, -1.194840937259363e-12, -0.23914458569886124]], "2": [[0.9709839685241564, -1.194840937259363e-12, -0.23914458569886124]], "3": [[0.23914458569886163, -1.1171958272644807e-15, 0.9709839685241564]], "4": [[0.23914458569886163, -1.1171958272644807e-15, 0.9709839685241564]]}}, {"construction_lines": [[[-0.23857095653795807, 1.5326035378875724, -0.39869331807351904], [0.14739853317522614, 1.5326035378870975, -0.4937541189744394]], [[-0.23857095653795818, 1.5326035378875724, -0.3986933180735189], [-0.14351015563703762, 1.532603537887572, -0.01272382836033438]], [[-0.1435101557507959, 1.5326035378950729, -0.012723828745083859], [0.2424593342161353, 1.5326035369746087, -0.10778462973757835]]], "shape_curves": [], "raw_construction_lines": [[[-0.23859293460845946, 1.53558928668499, -0.3986879050731659], [0.14742051124572753, 1.5296177890896798, -0.4937595319747925]], [[-0.24147098362445832, 1.5295006942749023, -0.400557256937027], [-0.14166314125061036, 1.5434916573762893, -0.03841125920414924]], [[-0.14190315932035447, 1.5277962541580201, -0.017065616846084593], [0.24762271881103518, 1.5119260919094084, -0.14778812617063522]]], "raw_shape_curves": [], "line_points": [[-0.23857095653795807, 1.5326035378875724, -0.39869331807351904], [0.14739853317522614, 1.5326035378870975, -0.4937541189744394], [-0.045586211681365965, 1.532603537887335, -0.44622371852397924], [-0.14351015563703762, 1.532603537887572, -0.01272382836033438], [-0.1910405560874979, 1.5326035378875722, -0.20570857321692662], [0.2424593342161353, 1.5326035369746087, -0.10778462973757835], [0.0494745892326697, 1.5326035374348408, -0.06025422924133111]], "line_directions": [[0, 1, 0], [0.9709839685241564, -1.194840937259363e-12, -0.23914458569886124], [0.23914458569886163, -1.1171958272644807e-15, 0.9709839685241564]], "line_lengths": [0.39750346269860376], "points_info": {"0": [[0.9709839685241564, -1.194840937259363e-12, -0.23914458569886124], [0.23914458569886163, -1.1171958272644807e-15, 0.9709839685241564]], "1": [[0.9709839685241564, -1.194840937259363e-12, -0.23914458569886124]], "2": [[0.9709839685241564, -1.194840937259363e-12, -0.23914458569886124]], "3": [[0.23914458569886163, -1.1171958272644807e-15, 0.9709839685241564], [0.9709839685071698, -2.315612906804061e-09, -0.2391445857678306]], "4": [[0.23914458569886163, -1.1171958272644807e-15, 0.9709839685241564]], "5": [[0.9709839685071698, -2.315612906804061e-09, -0.2391445857678306]], "6": [[0.9709839685071698, -2.315612906804061e-09, -0.2391445857678306]]}}, {"construction_lines": [[[-0.23857095653795807, 1.5326035378875724, -0.39869331807351904], [0.14739853317522614, 1.5326035378870975, -0.4937541189744394]], [[-0.23857095653795818, 1.5326035378875724, -0.3986933180735189], [-0.14351015563703762, 1.532603537887572, -0.01272382836033438]], [[-0.1435101557507959, 1.5326035378950729, -0.012723828745083859], [0.2424593342161353, 1.5326035369746087, -0.10778462973757835]], [[0.14739853323279403, 1.5326035378672198, -0.49375411900630606], [0.2424593342104784, 1.532603536972316, -0.10778462973318292]]], "shape_curves": [], "raw_construction_lines": [[[-0.23859293460845946, 1.53558928668499, -0.3986879050731659], [0.14742051124572753, 1.5296177890896798, -0.4937595319747925]], [[-0.24147098362445832, 1.5295006942749023, -0.400557256937027], [-0.14166314125061036, 1.5434916573762893, -0.03841125920414924]], [[-0.14190315932035447, 1.5277962541580201, -0.017065616846084593], [0.24762271881103518, 1.5119260919094084, -0.14778812617063522]], [[0.14588124334812164, 1.5286611843109132, -0.4996146333217621], [0.24077678024768828, 1.534126803278923, -0.10906421482563018]]], "raw_shape_curves": [], "line_points": [[-0.23857095653795807, 1.5326035378875724, -0.39869331807351904], [0.14739853317522614, 1.5326035378870975, -0.4937541189744394], [-0.045586211681365965, 1.532603537887335, -0.44622371852397924], [-0.14351015563703762, 1.532603537887572, -0.01272382836033438], [-0.1910405560874979, 1.5326035378875722, -0.20570857321692662], [0.2424593342161353, 1.5326035369746087, -0.10778462973757835], [0.0494745892326697, 1.5326035374348408, -0.06025422924133111], [0.19492893372163622, 1.532603537419768, -0.3007693743697445]], "line_directions": [[0, 1, 0], [0.9709839685241564, -1.194840937259363e-12, -0.23914458569886124], [0.23914458569886163, -1.1171958272644807e-15, 0.9709839685241564]], "line_lengths": [0.39750346269860376], "points_info": {"0": [[0.9709839685241564, -1.194840937259363e-12, -0.23914458569886124], [0.23914458569886163, -1.1171958272644807e-15, 0.9709839685241564]], "1": [[0.9709839685241564, -1.194840937259363e-12, -0.23914458569886124], [0.23914458613799838, -2.2513104704531084e-09, 0.970983968416001]], "2": [[0.9709839685241564, -1.194840937259363e-12, -0.23914458569886124]], "3": [[0.23914458569886163, -1.1171958272644807e-15, 0.9709839685241564], [0.9709839685071698, -2.315612906804061e-09, -0.2391445857678306]], "4": [[0.23914458569886163, -1.1171958272644807e-15, 0.9709839685241564]], "5": [[0.9709839685071698, -2.315612906804061e-09, -0.2391445857678306], [0.23914458613799838, -2.2513104704531084e-09, 0.970983968416001]], "6": [[0.9709839685071698, -2.315612906804061e-09, -0.2391445857678306]], "7": [[0.23914458613799838, -2.2513104704531084e-09, 0.970983968416001]]}}, {"construction_lines": [[[-0.23857095653795807, 1.5326035378875724, -0.39869331807351904], [0.14739853317522614, 1.5326035378870975, -0.4937541189744394]], [[-0.23857095653795818, 1.5326035378875724, -0.3986933180735189], [-0.14351015563703762, 1.532603537887572, -0.01272382836033438]], [[-0.1435101557507959, 1.5326035378950729, -0.012723828745083859], [0.2424593342161353, 1.5326035369746087, -0.10778462973757835]], [[0.14739853323279403, 1.5326035378672198, -0.49375411900630606], [0.2424593342104784, 1.532603536972316, -0.10778462973318292]], [[0.2424593342129705, 1.5326035369738475, -0.10778462973677451], [0.24245933421259047, 1.1351000742752888, -0.107784629736616]]], "shape_curves": [], "raw_construction_lines": [[[-0.23859293460845946, 1.53558928668499, -0.3986879050731659], [0.14742051124572753, 1.5296177890896798, -0.4937595319747925]], [[-0.24147098362445832, 1.5295006942749023, -0.400557256937027], [-0.14166314125061036, 1.5434916573762893, -0.03841125920414924]], [[-0.14190315932035447, 1.5277962541580201, -0.017065616846084593], [0.24762271881103518, 1.5119260919094084, -0.14778812617063522]], [[0.14588124334812164, 1.5286611843109132, -0.4996146333217621], [0.24077678024768828, 1.534126803278923, -0.10906421482563018]], [[0.2424840748310089, 1.5313382875919341, -0.1038702592253685], [0.23059927105903624, 1.2056989353895187, -0.07210722371935845]]], "raw_shape_curves": [], "line_points": [[-0.23857095653795807, 1.5326035378875724, -0.39869331807351904], [0.14739853317522614, 1.5326035378870975, -0.4937541189744394], [-0.045586211681365965, 1.532603537887335, -0.44622371852397924], [-0.14351015563703762, 1.532603537887572, -0.01272382836033438], [-0.1910405560874979, 1.5326035378875722, -0.20570857321692662], [0.2424593342161353, 1.5326035369746087, -0.10778462973757835], [0.0494745892326697, 1.5326035374348408, -0.06025422924133111], [0.19492893372163622, 1.532603537419768, -0.3007693743697445], [0.24245933421259047, 1.1351000742752888, -0.107784629736616], [0.2424593342127805, 1.333851805624568, -0.10778462973669525]], "line_directions": [[0, 1, 0], [0.9709839685241564, -1.194840937259363e-12, -0.23914458569886124], [0.23914458569886163, -1.1171958272644807e-15, 0.9709839685241564]], "line_lengths": [0.39750346269860376], "points_info": {"0": [[0.9709839685241564, -1.194840937259363e-12, -0.23914458569886124], [0.23914458569886163, -1.1171958272644807e-15, 0.9709839685241564]], "1": [[0.9709839685241564, -1.194840937259363e-12, -0.23914458569886124], [0.23914458613799838, -2.2513104704531084e-09, 0.970983968416001]], "2": [[0.9709839685241564, -1.194840937259363e-12, -0.23914458569886124]], "3": [[0.23914458569886163, -1.1171958272644807e-15, 0.9709839685241564], [0.9709839685071698, -2.315612906804061e-09, -0.2391445857678306]], "4": [[0.23914458569886163, -1.1171958272644807e-15, 0.9709839685241564]], "5": [[0.9709839685071698, -2.315612906804061e-09, -0.2391445857678306], [0.23914458613799838, -2.2513104704531084e-09, 0.970983968416001], [-9.560403291816884e-13, -1.0, 3.9876908559426105e-13]], "6": [[0.9709839685071698, -2.315612906804061e-09, -0.2391445857678306]], "7": [[0.23914458613799838, -2.2513104704531084e-09, 0.970983968416001]], "8": [[-9.560403291816884e-13, -1.0, 3.9876908559426105e-13]], "9": [[-9.560403291816884e-13, -1.0, 3.9876908559426105e-13]]}}, {"construction_lines": [[[-0.23857095653795807, 1.5326035378875724, -0.39869331807351904], [0.14739853317522614, 1.5326035378870975, -0.4937541189744394]], [[-0.23857095653795818, 1.5326035378875724, -0.3986933180735189], [-0.14351015563703762, 1.532603537887572, -0.01272382836033438]], [[-0.1435101557507959, 1.5326035378950729, -0.012723828745083859], [0.2424593342161353, 1.5326035369746087, -0.10778462973757835]], [[0.14739853323279403, 1.5326035378672198, -0.49375411900630606], [0.2424593342104784, 1.532603536972316, -0.10778462973318292]], [[0.2424593342129705, 1.5326035369738475, -0.10778462973677451], [0.24245933421259047, 1.1351000742752888, -0.107784629736616]], [[0.14739853320606375, 1.5326035378804717, -0.4937541189820343], [0.1473985332056152, 1.1351000751821403, -0.4937541189818429]]], "shape_curves": [], "raw_construction_lines": [[[-0.23859293460845946, 1.53558928668499, -0.3986879050731659], [0.14742051124572753, 1.5296177890896798, -0.4937595319747925]], [[-0.24147098362445832, 1.5295006942749023, -0.400557256937027], [-0.14166314125061036, 1.5434916573762893, -0.03841125920414924]], [[-0.14190315932035447, 1.5277962541580201, -0.017065616846084593], [0.24762271881103518, 1.5119260919094084, -0.14778812617063522]], [[0.14588124334812164, 1.5286611843109132, -0.4996146333217621], [0.24077678024768828, 1.534126803278923, -0.10906421482563018]], [[0.2424840748310089, 1.5313382875919341, -0.1038702592253685], [0.23059927105903624, 1.2056989353895187, -0.07210722371935845]], [[0.1502059105783701, 1.5323656886816026, -0.4939693808555603], [0.14283259242773055, 1.1065984958410262, -0.42359351515769955]]], "raw_shape_curves": [], "line_points": [[-0.23857095653795807, 1.5326035378875724, -0.39869331807351904], [0.14739853317522614, 1.5326035378870975, -0.4937541189744394], [-0.045586211681365965, 1.532603537887335, -0.44622371852397924], [-0.14351015563703762, 1.532603537887572, -0.01272382836033438], [-0.1910405560874979, 1.5326035378875722, -0.20570857321692662], [0.2424593342161353, 1.5326035369746087, -0.10778462973757835], [0.0494745892326697, 1.5326035374348408, -0.06025422924133111], [0.19492893372163622, 1.532603537419768, -0.3007693743697445], [0.24245933421259047, 1.1351000742752888, -0.107784629736616], [0.2424593342127805, 1.333851805624568, -0.10778462973669525], [0.1473985332056152, 1.1351000751821403, -0.4937541189818429], [0.14739853320583945, 1.3338518065313059, -0.4937541189819386]], "line_directions": [[0, 1, 0], [0.9709839685241564, -1.194840937259363e-12, -0.23914458569886124], [0.23914458569886163, -1.1171958272644807e-15, 0.9709839685241564]], "line_lengths": [0.39750346269860376], "points_info": {"0": [[0.9709839685241564, -1.194840937259363e-12, -0.23914458569886124], [0.23914458569886163, -1.1171958272644807e-15, 0.9709839685241564]], "1": [[0.9709839685241564, -1.194840937259363e-12, -0.23914458569886124], [0.23914458613799838, -2.2513104704531084e-09, 0.970983968416001], [-1.1284376102771036e-12, -1.0, 4.815114015513215e-13]], "2": [[0.9709839685241564, -1.194840937259363e-12, -0.23914458569886124]], "3": [[0.23914458569886163, -1.1171958272644807e-15, 0.9709839685241564], [0.9709839685071698, -2.315612906804061e-09, -0.2391445857678306]], "4": [[0.23914458569886163, -1.1171958272644807e-15, 0.9709839685241564]], "5": [[0.9709839685071698, -2.315612906804061e-09, -0.2391445857678306], [0.23914458613799838, -2.2513104704531084e-09, 0.970983968416001], [-9.560403291816884e-13, -1.0, 3.9876908559426105e-13]], "6": [[0.9709839685071698, -2.315612906804061e-09, -0.2391445857678306]], "7": [[0.23914458613799838, -2.2513104704531084e-09, 0.970983968416001]], "8": [[-9.560403291816884e-13, -1.0, 3.9876908559426105e-13]], "9": [[-9.560403291816884e-13, -1.0, 3.9876908559426105e-13]], "10": [[-1.1284376102771036e-12, -1.0, 4.815114015513215e-13]], "11": [[-1.1284376102771036e-12, -1.0, 4.815114015513215e-13]]}}, {"construction_lines": [[[-0.23857095653795807, 1.5326035378875724, -0.39869331807351904], [0.14739853317522614, 1.5326035378870975, -0.4937541189744394]], [[-0.23857095653795818, 1.5326035378875724, -0.3986933180735189], [-0.14351015563703762, 1.532603537887572, -0.01272382836033438]], [[-0.1435101557507959, 1.5326035378950729, -0.012723828745083859], [0.2424593342161353, 1.5326035369746087, -0.10778462973757835]], [[0.14739853323279403, 1.5326035378672198, -0.49375411900630606], [0.2424593342104784, 1.532603536972316, -0.10778462973318292]], [[0.2424593342129705, 1.5326035369738475, -0.10778462973677451], [0.24245933421259047, 1.1351000742752888, -0.107784629736616]], [[0.14739853320606375, 1.5326035378804717, -0.4937541189820343], [0.1473985332056152, 1.1351000751821403, -0.4937541189818429]], [[-0.23857095645194556, 1.5326035382989869, -0.3986933181002082], [-0.23857095666123143, 1.135100077623038, -0.39869331875322334]]], "shape_curves": [], "raw_construction_lines": [[[-0.23859293460845946, 1.53558928668499, -0.3986879050731659], [0.14742051124572753, 1.5296177890896798, -0.4937595319747925]], [[-0.24147098362445832, 1.5295006942749023, -0.400557256937027], [-0.14166314125061036, 1.5434916573762893, -0.03841125920414924]], [[-0.14190315932035447, 1.5277962541580201, -0.017065616846084593], [0.24762271881103518, 1.5119260919094084, -0.14778812617063522]], [[0.14588124334812164, 1.5286611843109132, -0.4996146333217621], [0.24077678024768828, 1.534126803278923, -0.10906421482563018]], [[0.2424840748310089, 1.5313382875919341, -0.1038702592253685], [0.23059927105903624, 1.2056989353895187, -0.07210722371935845]], [[0.1502059105783701, 1.5323656886816026, -0.4939693808555603], [0.14283259242773055, 1.1065984958410262, -0.42359351515769955]], [[-0.2435455447435379, 1.5289548647403717, -0.3981602323055268], [-0.2388558107614517, 1.18530537545681, -0.3853713405132294]]], "raw_shape_curves": [], "line_points": [[-0.23857095653795807, 1.5326035378875724, -0.39869331807351904], [0.14739853317522614, 1.5326035378870975, -0.4937541189744394], [-0.045586211681365965, 1.532603537887335, -0.44622371852397924], [-0.14351015563703762, 1.532603537887572, -0.01272382836033438], [-0.1910405560874979, 1.5326035378875722, -0.20570857321692662], [0.2424593342161353, 1.5326035369746087, -0.10778462973757835], [0.0494745892326697, 1.5326035374348408, -0.06025422924133111], [0.19492893372163622, 1.532603537419768, -0.3007693743697445], [0.24245933421259047, 1.1351000742752888, -0.107784629736616], [0.2424593342127805, 1.333851805624568, -0.10778462973669525], [0.1473985332056152, 1.1351000751821403, -0.4937541189818429], [0.14739853320583945, 1.3338518065313059, -0.4937541189819386], [-0.23857095666123143, 1.135100077623038, -0.39869331875322334], [-0.2385709565565885, 1.3338518079610124, -0.39869331842671574]], "line_directions": [[0, 1, 0], [0.9709839685241564, -1.194840937259363e-12, -0.23914458569886124], [0.23914458569886163, -1.1171958272644807e-15, 0.9709839685241564]], "line_lengths": [0.39750346269860376], "points_info": {"0": [[0.9709839685241564, -1.194840937259363e-12, -0.23914458569886124], [0.23914458569886163, -1.1171958272644807e-15, 0.9709839685241564], [-5.265007405444979e-10, -1.0, -1.6427910862711084e-09]], "1": [[0.9709839685241564, -1.194840937259363e-12, -0.23914458569886124], [0.23914458613799838, -2.2513104704531084e-09, 0.970983968416001], [-1.1284376102771036e-12, -1.0, 4.815114015513215e-13]], "2": [[0.9709839685241564, -1.194840937259363e-12, -0.23914458569886124]], "3": [[0.23914458569886163, -1.1171958272644807e-15, 0.9709839685241564], [0.9709839685071698, -2.315612906804061e-09, -0.2391445857678306]], "4": [[0.23914458569886163, -1.1171958272644807e-15, 0.9709839685241564]], "5": [[0.9709839685071698, -2.315612906804061e-09, -0.2391445857678306], [0.23914458613799838, -2.2513104704531084e-09, 0.970983968416001], [-9.560403291816884e-13, -1.0, 3.9876908559426105e-13]], "6": [[0.9709839685071698, -2.315612906804061e-09, -0.2391445857678306]], "7": [[0.23914458613799838, -2.2513104704531084e-09, 0.970983968416001]], "8": [[-9.560403291816884e-13, -1.0, 3.9876908559426105e-13]], "9": [[-9.560403291816884e-13, -1.0, 3.9876908559426105e-13]], "10": [[-1.1284376102771036e-12, -1.0, 4.815114015513215e-13]], "11": [[-1.1284376102771036e-12, -1.0, 4.815114015513215e-13]], "12": [[-5.265007405444979e-10, -1.0, -1.6427910862711084e-09]], "13": [[-5.265007405444979e-10, -1.0, -1.6427910862711084e-09]]}}, {"construction_lines": [[[-0.23857095653795807, 1.5326035378875724, -0.39869331807351904], [0.14739853317522614, 1.5326035378870975, -0.4937541189744394]], [[-0.23857095653795818, 1.5326035378875724, -0.3986933180735189], [-0.14351015563703762, 1.532603537887572, -0.01272382836033438]], [[-0.1435101557507959, 1.5326035378950729, -0.012723828745083859], [0.2424593342161353, 1.5326035369746087, -0.10778462973757835]], [[0.14739853323279403, 1.5326035378672198, -0.49375411900630606], [0.2424593342104784, 1.532603536972316, -0.10778462973318292]], [[0.2424593342129705, 1.5326035369738475, -0.10778462973677451], [0.24245933421259047, 1.1351000742752888, -0.107784629736616]], [[0.14739853320606375, 1.5326035378804717, -0.4937541189820343], [0.1473985332056152, 1.1351000751821403, -0.4937541189818429]], [[-0.23857095645194556, 1.5326035382989869, -0.3986933181002082], [-0.23857095666123143, 1.135100077623038, -0.39869331875322334]], [[-0.14351015581419777, 1.5326035378250935, -0.012723827948994444], [-0.14351015610093856, 1.1351000732232264, -0.012723826643377869]]], "shape_curves": [], "raw_construction_lines": [[[-0.23859293460845946, 1.53558928668499, -0.3986879050731659], [0.14742051124572753, 1.5296177890896798, -0.4937595319747925]], [[-0.24147098362445832, 1.5295006942749023, -0.400557256937027], [-0.14166314125061036, 1.5434916573762893, -0.03841125920414924]], [[-0.14190315932035447, 1.5277962541580201, -0.017065616846084593], [0.24762271881103518, 1.5119260919094084, -0.14778812617063522]], [[0.14588124334812164, 1.5286611843109132, -0.4996146333217621], [0.24077678024768828, 1.534126803278923, -0.10906421482563018]], [[0.2424840748310089, 1.5313382875919341, -0.1038702592253685], [0.23059927105903624, 1.2056989353895187, -0.07210722371935845]], [[0.1502059105783701, 1.5323656886816026, -0.4939693808555603], [0.14283259242773055, 1.1065984958410262, -0.42359351515769955]], [[-0.2435455447435379, 1.5289548647403717, -0.3981602323055268], [-0.2388558107614517, 1.18530537545681, -0.3853713405132294]], [[-0.14228506237268448, 1.5332983362674715, -0.01756506934762001], [-0.15552173733711241, 1.1109679520130158, -0.03138142481446267]]], "raw_shape_curves": [], "line_points": [[-0.23857095653795807, 1.5326035378875724, -0.39869331807351904], [0.14739853317522614, 1.5326035378870975, -0.4937541189744394], [-0.045586211681365965, 1.532603537887335, -0.44622371852397924], [-0.14351015563703762, 1.532603537887572, -0.01272382836033438], [-0.1910405560874979, 1.5326035378875722, -0.20570857321692662], [0.2424593342161353, 1.5326035369746087, -0.10778462973757835], [0.0494745892326697, 1.5326035374348408, -0.06025422924133111], [0.19492893372163622, 1.532603537419768, -0.3007693743697445], [0.24245933421259047, 1.1351000742752888, -0.107784629736616], [0.2424593342127805, 1.333851805624568, -0.10778462973669525], [0.1473985332056152, 1.1351000751821403, -0.4937541189818429], [0.14739853320583945, 1.3338518065313059, -0.4937541189819386], [-0.23857095666123143, 1.135100077623038, -0.39869331875322334], [-0.2385709565565885, 1.3338518079610124, -0.39869331842671574], [-0.14351015610093856, 1.1351000732232264, -0.012723826643377869], [-0.14351015595756816, 1.33385180552416, -0.012723827296186156]], "line_directions": [[0, 1, 0], [0.9709839685241564, -1.194840937259363e-12, -0.23914458569886124], [0.23914458569886163, -1.1171958272644807e-15, 0.9709839685241564]], "line_lengths": [0.39750346269860376], "points_info": {"0": [[0.9709839685241564, -1.194840937259363e-12, -0.23914458569886124], [0.23914458569886163, -1.1171958272644807e-15, 0.9709839685241564], [-5.265007405444979e-10, -1.0, -1.6427910862711084e-09]], "1": [[0.9709839685241564, -1.194840937259363e-12, -0.23914458569886124], [0.23914458613799838, -2.2513104704531084e-09, 0.970983968416001], [-1.1284376102771036e-12, -1.0, 4.815114015513215e-13]], "2": [[0.9709839685241564, -1.194840937259363e-12, -0.23914458569886124]], "3": [[0.23914458569886163, -1.1171958272644807e-15, 0.9709839685241564], [0.9709839685071698, -2.315612906804061e-09, -0.2391445857678306], [-7.213542102322594e-10, -1.0, 3.2845413718111926e-09]], "4": [[0.23914458569886163, -1.1171958272644807e-15, 0.9709839685241564]], "5": [[0.9709839685071698, -2.315612906804061e-09, -0.2391445857678306], [0.23914458613799838, -2.2513104704531084e-09, 0.970983968416001], [-9.560403291816884e-13, -1.0, 3.9876908559426105e-13]], "6": [[0.9709839685071698, -2.315612906804061e-09, -0.2391445857678306]], "7": [[0.23914458613799838, -2.2513104704531084e-09, 0.970983968416001]], "8": [[-9.560403291816884e-13, -1.0, 3.9876908559426105e-13]], "9": [[-9.560403291816884e-13, -1.0, 3.9876908559426105e-13]], "10": [[-1.1284376102771036e-12, -1.0, 4.815114015513215e-13]], "11": [[-1.1284376102771036e-12, -1.0, 4.815114015513215e-13]], "12": [[-5.265007405444979e-10, -1.0, -1.6427910862711084e-09]], "13": [[-5.265007405444979e-10, -1.0, -1.6427910862711084e-09]], "14": [[-7.213542102322594e-10, -1.0, 3.2845413718111926e-09]], "15": [[-7.213542102322594e-10, -1.0, 3.2845413718111926e-09]]}}, {"construction_lines": [[[-0.23857095653795807, 1.5326035378875724, -0.39869331807351904], [0.14739853317522614, 1.5326035378870975, -0.4937541189744394]], [[-0.23857095653795818, 1.5326035378875724, -0.3986933180735189], [-0.14351015563703762, 1.532603537887572, -0.01272382836033438]], [[-0.1435101557507959, 1.5326035378950729, -0.012723828745083859], [0.2424593342161353, 1.5326035369746087, -0.10778462973757835]], [[0.14739853323279403, 1.5326035378672198, -0.49375411900630606], [0.2424593342104784, 1.532603536972316, -0.10778462973318292]], [[0.2424593342129705, 1.5326035369738475, -0.10778462973677451], [0.24245933421259047, 1.1351000742752888, -0.107784629736616]], [[0.14739853320606375, 1.5326035378804717, -0.4937541189820343], [0.1473985332056152, 1.1351000751821403, -0.4937541189818429]], [[-0.23857095645194556, 1.5326035382989869, -0.3986933181002082], [-0.23857095666123143, 1.135100077623038, -0.39869331875322334]], [[-0.14351015581419777, 1.5326035378250935, -0.012723827948994444], [-0.14351015610093856, 1.1351000732232264, -0.012723826643377869]], [[-0.14351015611216691, 1.1351000733070893, -0.012723826721167444], [0.24245933421545235, 1.1351000742348034, -0.10778462969996214]]], "shape_curves": [], "raw_construction_lines": [[[-0.23859293460845946, 1.53558928668499, -0.3986879050731659], [0.14742051124572753, 1.5296177890896798, -0.4937595319747925]], [[-0.24147098362445832, 1.5295006942749023, -0.400557256937027], [-0.14166314125061036, 1.5434916573762893, -0.03841125920414924]], [[-0.14190315932035447, 1.5277962541580201, -0.017065616846084593], [0.24762271881103518, 1.5119260919094084, -0.14778812617063522]], [[0.14588124334812164, 1.5286611843109132, -0.4996146333217621], [0.24077678024768828, 1.534126803278923, -0.10906421482563018]], [[0.2424840748310089, 1.5313382875919341, -0.1038702592253685], [0.23059927105903624, 1.2056989353895187, -0.07210722371935845]], [[0.1502059105783701, 1.5323656886816026, -0.4939693808555603], [0.14283259242773055, 1.1065984958410262, -0.42359351515769955]], [[-0.2435455447435379, 1.5289548647403717, -0.3981602323055268], [-0.2388558107614517, 1.18530537545681, -0.3853713405132294]], [[-0.14228506237268448, 1.5332983362674715, -0.01756506934762001], [-0.15552173733711241, 1.1109679520130158, -0.03138142481446267]], [[-0.16325851738452912, 1.1355420261621474, -0.014772880673408512], [0.2477506372332573, 1.1464468330144884, -0.10241159975528717]]], "raw_shape_curves": [], "line_points": [[-0.23857095653795807, 1.5326035378875724, -0.39869331807351904], [0.14739853317522614, 1.5326035378870975, -0.4937541189744394], [-0.045586211681365965, 1.532603537887335, -0.44622371852397924], [-0.14351015563703762, 1.532603537887572, -0.01272382836033438], [-0.1910405560874979, 1.5326035378875722, -0.20570857321692662], [0.2424593342161353, 1.5326035369746087, -0.10778462973757835], [0.0494745892326697, 1.5326035374348408, -0.06025422924133111], [0.19492893372163622, 1.532603537419768, -0.3007693743697445], [0.24245933421259047, 1.1351000742752888, -0.107784629736616], [0.2424593342127805, 1.333851805624568, -0.10778462973669525], [0.1473985332056152, 1.1351000751821403, -0.4937541189818429], [0.14739853320583945, 1.3338518065313059, -0.4937541189819386], [-0.23857095666123143, 1.135100077623038, -0.39869331875322334], [-0.2385709565565885, 1.3338518079610124, -0.39869331842671574], [-0.14351015610093856, 1.1351000732232264, -0.012723826643377869], [-0.14351015595756816, 1.33385180552416, -0.012723827296186156], [0.04947458905164272, 1.1351000737709462, -0.06025422821056479]], "line_directions": [[0, 1, 0], [0.9709839685241564, -1.194840937259363e-12, -0.23914458569886124], [0.23914458569886163, -1.1171958272644807e-15, 0.9709839685241564]], "line_lengths": [0.39750346269860376], "points_info": {"0": [[0.9709839685241564, -1.194840937259363e-12, -0.23914458569886124], [0.23914458569886163, -1.1171958272644807e-15, 0.9709839685241564], [-5.265007405444979e-10, -1.0, -1.6427910862711084e-09]], "1": [[0.9709839685241564, -1.194840937259363e-12, -0.23914458569886124], [0.23914458613799838, -2.2513104704531084e-09, 0.970983968416001], [-1.1284376102771036e-12, -1.0, 4.815114015513215e-13]], "2": [[0.9709839685241564, -1.194840937259363e-12, -0.23914458569886124]], "3": [[0.23914458569886163, -1.1171958272644807e-15, 0.9709839685241564], [0.9709839685071698, -2.315612906804061e-09, -0.2391445857678306], [-7.213542102322594e-10, -1.0, 3.2845413718111926e-09]], "4": [[0.23914458569886163, -1.1171958272644807e-15, 0.9709839685241564]], "5": [[0.9709839685071698, -2.315612906804061e-09, -0.2391445857678306], [0.23914458613799838, -2.2513104704531084e-09, 0.970983968416001], [-9.560403291816884e-13, -1.0, 3.9876908559426105e-13]], "6": [[0.9709839685071698, -2.315612906804061e-09, -0.2391445857678306]], "7": [[0.23914458613799838, -2.2513104704531084e-09, 0.970983968416001]], "8": [[-9.560403291816884e-13, -1.0, 3.9876908559426105e-13], [0.9709839673987464, 2.333851682424575e-09, -0.23914459026829366]], "9": [[-9.560403291816884e-13, -1.0, 3.9876908559426105e-13]], "10": [[-1.1284376102771036e-12, -1.0, 4.815114015513215e-13]], "11": [[-1.1284376102771036e-12, -1.0, 4.815114015513215e-13]], "12": [[-5.265007405444979e-10, -1.0, -1.6427910862711084e-09]], "13": [[-5.265007405444979e-10, -1.0, -1.6427910862711084e-09]], "14": [[-7.213542102322594e-10, -1.0, 3.2845413718111926e-09], [0.9709839673987464, 2.333851682424575e-09, -0.23914459026829366]], "15": [[-7.213542102322594e-10, -1.0, 3.2845413718111926e-09]], "16": [[0.9709839673987464, 2.333851682424575e-09, -0.23914459026829366]]}}, {"construction_lines": [[[-0.23857095653795807, 1.5326035378875724, -0.39869331807351904], [0.14739853317522614, 1.5326035378870975, -0.4937541189744394]], [[-0.23857095653795818, 1.5326035378875724, -0.3986933180735189], [-0.14351015563703762, 1.532603537887572, -0.01272382836033438]], [[-0.1435101557507959, 1.5326035378950729, -0.012723828745083859], [0.2424593342161353, 1.5326035369746087, -0.10778462973757835]], [[0.14739853323279403, 1.5326035378672198, -0.49375411900630606], [0.2424593342104784, 1.532603536972316, -0.10778462973318292]], [[0.2424593342129705, 1.5326035369738475, -0.10778462973677451], [0.24245933421259047, 1.1351000742752888, -0.107784629736616]], [[0.14739853320606375, 1.5326035378804717, -0.4937541189820343], [0.1473985332056152, 1.1351000751821403, -0.4937541189818429]], [[-0.23857095645194556, 1.5326035382989869, -0.3986933181002082], [-0.23857095666123143, 1.135100077623038, -0.39869331875322334]], [[-0.14351015581419777, 1.5326035378250935, -0.012723827948994444], [-0.14351015610093856, 1.1351000732232264, -0.012723826643377869]], [[-0.14351015611216691, 1.1351000733070893, -0.012723826721167444], [0.24245933421545235, 1.1351000742348034, -0.10778462969996214]], [[-0.23857095664513508, 1.135100077008793, -0.3986933186065976], [0.14739853318431034, 1.1351000758004388, -0.493754119128399]]], "shape_curves": [], "raw_construction_lines": [[[-0.23859293460845946, 1.53558928668499, -0.3986879050731659], [0.14742051124572753, 1.5296177890896798, -0.4937595319747925]], [[-0.24147098362445832, 1.5295006942749023, -0.400557256937027], [-0.14166314125061036, 1.5434916573762893, -0.03841125920414924]], [[-0.14190315932035447, 1.5277962541580201, -0.017065616846084593], [0.24762271881103518, 1.5119260919094084, -0.14778812617063522]], [[0.14588124334812164, 1.5286611843109132, -0.4996146333217621], [0.24077678024768828, 1.534126803278923, -0.10906421482563018]], [[0.2424840748310089, 1.5313382875919341, -0.1038702592253685], [0.23059927105903624, 1.2056989353895187, -0.07210722371935845]], [[0.1502059105783701, 1.5323656886816026, -0.4939693808555603], [0.14283259242773055, 1.1065984958410262, -0.42359351515769955]], [[-0.2435455447435379, 1.5289548647403717, -0.3981602323055268], [-0.2388558107614517, 1.18530537545681, -0.3853713405132294]], [[-0.14228506237268448, 1.5332983362674715, -0.01756506934762001], [-0.15552173733711241, 1.1109679520130158, -0.03138142481446267]], [[-0.16325851738452912, 1.1355420261621474, -0.014772880673408512], [0.2477506372332573, 1.1464468330144884, -0.10241159975528717]], [[-0.2400114268064499, 1.1359162253141402, -0.4034817624092102], [0.153454430103302, 1.1441089141368868, -0.4866710376739502]]], "raw_shape_curves": [], "line_points": [[-0.23857095653795807, 1.5326035378875724, -0.39869331807351904], [0.14739853317522614, 1.5326035378870975, -0.4937541189744394], [-0.045586211681365965, 1.532603537887335, -0.44622371852397924], [-0.14351015563703762, 1.532603537887572, -0.01272382836033438], [-0.1910405560874979, 1.5326035378875722, -0.20570857321692662], [0.2424593342161353, 1.5326035369746087, -0.10778462973757835], [0.0494745892326697, 1.5326035374348408, -0.06025422924133111], [0.19492893372163622, 1.532603537419768, -0.3007693743697445], [0.24245933421259047, 1.1351000742752888, -0.107784629736616], [0.2424593342127805, 1.333851805624568, -0.10778462973669525], [0.1473985332056152, 1.1351000751821403, -0.4937541189818429], [0.14739853320583945, 1.3338518065313059, -0.4937541189819386], [-0.23857095666123143, 1.135100077623038, -0.39869331875322334], [-0.2385709565565885, 1.3338518079610124, -0.39869331842671574], [-0.14351015610093856, 1.1351000732232264, -0.012723826643377869], [-0.14351015595756816, 1.33385180552416, -0.012723827296186156], [0.04947458905164272, 1.1351000737709462, -0.06025422821056479], [-0.04558621173041237, 1.135100076404616, -0.44622371886749834]], "line_directions": [[0, 1, 0], [0.9709839685241564, -1.194840937259363e-12, -0.23914458569886124], [0.23914458569886163, -1.1171958272644807e-15, 0.9709839685241564]], "line_lengths": [0.39750346269860376], "points_info": {"0": [[0.9709839685241564, -1.194840937259363e-12, -0.23914458569886124], [0.23914458569886163, -1.1171958272644807e-15, 0.9709839685241564], [-5.265007405444979e-10, -1.0, -1.6427910862711084e-09]], "1": [[0.9709839685241564, -1.194840937259363e-12, -0.23914458569886124], [0.23914458613799838, -2.2513104704531084e-09, 0.970983968416001], [-1.1284376102771036e-12, -1.0, 4.815114015513215e-13]], "2": [[0.9709839685241564, -1.194840937259363e-12, -0.23914458569886124]], "3": [[0.23914458569886163, -1.1171958272644807e-15, 0.9709839685241564], [0.9709839685071698, -2.315612906804061e-09, -0.2391445857678306], [-7.213542102322594e-10, -1.0, 3.2845413718111926e-09]], "4": [[0.23914458569886163, -1.1171958272644807e-15, 0.9709839685241564]], "5": [[0.9709839685071698, -2.315612906804061e-09, -0.2391445857678306], [0.23914458613799838, -2.2513104704531084e-09, 0.970983968416001], [-9.560403291816884e-13, -1.0, 3.9876908559426105e-13]], "6": [[0.9709839685071698, -2.315612906804061e-09, -0.2391445857678306]], "7": [[0.23914458613799838, -2.2513104704531084e-09, 0.970983968416001]], "8": [[-9.560403291816884e-13, -1.0, 3.9876908559426105e-13], [0.9709839673987464, 2.333851682424575e-09, -0.23914459026829366]], "9": [[-9.560403291816884e-13, -1.0, 3.9876908559426105e-13]], "10": [[-1.1284376102771036e-12, -1.0, 4.815114015513215e-13], [0.9709839687623494, -3.0398580057356258e-09, -0.23914458473174113]], "11": [[-1.1284376102771036e-12, -1.0, 4.815114015513215e-13]], "12": [[-5.265007405444979e-10, -1.0, -1.6427910862711084e-09], [0.9709839687623494, -3.0398580057356258e-09, -0.23914458473174113]], "13": [[-5.265007405444979e-10, -1.0, -1.6427910862711084e-09]], "14": [[-7.213542102322594e-10, -1.0, 3.2845413718111926e-09], [0.9709839673987464, 2.333851682424575e-09, -0.23914459026829366]], "15": [[-7.213542102322594e-10, -1.0, 3.2845413718111926e-09]], "16": [[0.9709839673987464, 2.333851682424575e-09, -0.23914459026829366]], "17": [[0.9709839687623494, -3.0398580057356258e-09, -0.23914458473174113]]}}, {"construction_lines": [[[-0.23857095653795807, 1.5326035378875724, -0.39869331807351904], [0.14739853317522614, 1.5326035378870975, -0.4937541189744394]], [[-0.23857095653795818, 1.5326035378875724, -0.3986933180735189], [-0.14351015563703762, 1.532603537887572, -0.01272382836033438]], [[-0.1435101557507959, 1.5326035378950729, -0.012723828745083859], [0.2424593342161353, 1.5326035369746087, -0.10778462973757835]], [[0.14739853323279403, 1.5326035378672198, -0.49375411900630606], [0.2424593342104784, 1.532603536972316, -0.10778462973318292]], [[0.2424593342129705, 1.5326035369738475, -0.10778462973677451], [0.24245933421259047, 1.1351000742752888, -0.107784629736616]], [[0.14739853320606375, 1.5326035378804717, -0.4937541189820343], [0.1473985332056152, 1.1351000751821403, -0.4937541189818429]], [[-0.23857095645194556, 1.5326035382989869, -0.3986933181002082], [-0.23857095666123143, 1.135100077623038, -0.39869331875322334]], [[-0.14351015581419777, 1.5326035378250935, -0.012723827948994444], [-0.14351015610093856, 1.1351000732232264, -0.012723826643377869]], [[-0.14351015611216691, 1.1351000733070893, -0.012723826721167444], [0.24245933421545235, 1.1351000742348034, -0.10778462969996214]], [[-0.23857095664513508, 1.135100077008793, -0.3986933186065976], [0.14739853318431034, 1.1351000758004388, -0.493754119128399]], [[0.1473985331938883, 1.1351000750238642, -0.49375411907062855], [0.24245933423075766, 1.1351000743605035, -0.10778462971609563]]], "shape_curves": [], "raw_construction_lines": [[[-0.23859293460845946, 1.53558928668499, -0.3986879050731659], [0.14742051124572753, 1.5296177890896798, -0.4937595319747925]], [[-0.24147098362445832, 1.5295006942749023, -0.400557256937027], [-0.14166314125061036, 1.5434916573762893, -0.03841125920414924]], [[-0.14190315932035447, 1.5277962541580201, -0.017065616846084593], [0.24762271881103518, 1.5119260919094084, -0.14778812617063522]], [[0.14588124334812164, 1.5286611843109132, -0.4996146333217621], [0.24077678024768828, 1.534126803278923, -0.10906421482563018]], [[0.2424840748310089, 1.5313382875919341, -0.1038702592253685], [0.23059927105903624, 1.2056989353895187, -0.07210722371935845]], [[0.1502059105783701, 1.5323656886816026, -0.4939693808555603], [0.14283259242773055, 1.1065984958410262, -0.42359351515769955]], [[-0.2435455447435379, 1.5289548647403717, -0.3981602323055268], [-0.2388558107614517, 1.18530537545681, -0.3853713405132294]], [[-0.14228506237268448, 1.5332983362674715, -0.01756506934762001], [-0.15552173733711241, 1.1109679520130158, -0.03138142481446267]], [[-0.16325851738452912, 1.1355420261621474, -0.014772880673408512], [0.2477506372332573, 1.1464468330144884, -0.10241159975528717]], [[-0.2400114268064499, 1.1359162253141402, -0.4034817624092102], [0.153454430103302, 1.1441089141368868, -0.4866710376739502]], [[0.15430694997310637, 1.1372335720062257, -0.4952060925960541], [0.24047010362148286, 1.138392214179039, -0.10560361057519912]]], "raw_shape_curves": [], "line_points": [[-0.23857095653795807, 1.5326035378875724, -0.39869331807351904], [0.14739853317522614, 1.5326035378870975, -0.4937541189744394], [-0.045586211681365965, 1.532603537887335, -0.44622371852397924], [-0.14351015563703762, 1.532603537887572, -0.01272382836033438], [-0.1910405560874979, 1.5326035378875722, -0.20570857321692662], [0.2424593342161353, 1.5326035369746087, -0.10778462973757835], [0.0494745892326697, 1.5326035374348408, -0.06025422924133111], [0.19492893372163622, 1.532603537419768, -0.3007693743697445], [0.24245933421259047, 1.1351000742752888, -0.107784629736616], [0.2424593342127805, 1.333851805624568, -0.10778462973