[{"construction_lines": [], "shape_curves": [], "raw_construction_lines": [], "raw_shape_curves": [], "line_points": [], "line_directions": [[0, 1, 0]], "line_lengths": [], "points_info": {}}, {"construction_lines": [[[-0.5942044527809095, 1.2537753103140485, 0.21745474454767047], [-0.5020950596054126, 1.253775311910759, -0.15459720429784593]]], "shape_curves": [], "raw_construction_lines": [[[-0.5947711753845215, 1.2423848110437392, 0.2197438731789589], [-0.5015283370018006, 1.2651658111810684, -0.15688633292913437]]], "raw_shape_curves": [], "line_points": [[-0.5942044527809095, 1.2537753103140485, 0.21745474454767047], [-0.5020950596054126, 1.253775311910759, -0.15459720429784593], [-0.548149756193161, 1.253775311112404, 0.03142877012491227]], "line_directions": [[0, 1, 0], [0.24031616351242674, 4.165865590462458e-09, -0.9706946695818764]], "line_lengths": [0.38328421954328495], "points_info": {"0": [[0.24031616351242674, 4.165865590462458e-09, -0.9706946695818764]], "1": [[0.24031616351242674, 4.165865590462458e-09, -0.9706946695818764]], "2": [[0.24031616351242674, 4.165865590462458e-09, -0.9706946695818764]]}}, {"construction_lines": [[[-0.5942044527809095, 1.2537753103140485, 0.21745474454767047], [-0.5020950596054126, 1.253775311910759, -0.15459720429784593]], [[-0.5942044527794227, 1.253775310325397, 0.21745474455326466], [-0.5237659483161718, 1.2568674415537253, 0.23489329831178793]]], "shape_curves": [], "raw_construction_lines": [[[-0.5947711753845215, 1.2423848110437392, 0.2197438731789589], [-0.5015283370018006, 1.2651658111810684, -0.15688633292913437]], [[-0.5994831824302673, 1.2393640899658203, 0.21107801854610442], [-0.5240645742416381, 1.2568408000469207, 0.23659066796302797]]], "raw_shape_curves": [], "line_points": [[-0.5942044527809095, 1.2537753103140485, 0.21745474454767047], [-0.5020950596054126, 1.253775311910759, -0.15459720429784593], [-0.548149756193161, 1.253775311112404, 0.03142877012491227], [-0.5237659483161718, 1.2568674415537253, 0.23489329831178793], [-0.5589852005477973, 1.2553213759395612, 0.2261740214325263]], "line_directions": [[0, 1, 0], [0.24031616351242674, 4.165865590462458e-09, -0.9706946695818764], [0.9698145886464006, 0.04257322040115756, 0.24009828102943037]], "line_lengths": [0.38328421954328495, 0.07263089799624893], "points_info": {"0": [[0.24031616351242674, 4.165865590462458e-09, -0.9706946695818764], [0.9698145886464006, 0.04257322040115756, 0.24009828102943037]], "1": [[0.24031616351242674, 4.165865590462458e-09, -0.9706946695818764]], "2": [[0.24031616351242674, 4.165865590462458e-09, -0.9706946695818764]], "3": [[0.9698145886464006, 0.04257322040115756, 0.24009828102943037]], "4": [[0.9698145886464006, 0.04257322040115756, 0.24009828102943037]]}}, {"construction_lines": [[[-0.5942044527809095, 1.2537753103140485, 0.21745474454767047], [-0.5020950596054126, 1.253775311910759, -0.15459720429784593]], [[-0.5942044527794227, 1.253775310325397, 0.21745474455326466], [-0.5237659483161718, 1.2568674415537253, 0.23489329831178793]], [[-0.5237660138626911, 1.2568674384539709, 0.23489328204948853], [-0.4316566186476811, 1.2568674386185839, -0.13715866547647293]]], "shape_curves": [], "raw_construction_lines": [[[-0.5947711753845215, 1.2423848110437392, 0.2197438731789589], [-0.5015283370018006, 1.2651658111810684, -0.15688633292913437]], [[-0.5994831824302673, 1.2393640899658203, 0.21107801854610442], [-0.5240645742416381, 1.2568408000469207, 0.23659066796302797]], [[-0.5277296936511993, 1.25383787214756, 0.23577266216278076], [-0.43600618839263916, 1.2473183023929595, -0.12113368541002273]]], "raw_shape_curves": [], "line_points": [[-0.5942044527809095, 1.2537753103140485, 0.21745474454767047], [-0.5020950596054126, 1.253775311910759, -0.15459720429784593], [-0.548149756193161, 1.253775311112404, 0.03142877012491227], [-0.5237659483161718, 1.2568674415537253, 0.23489329831178793], [-0.5589852005477973, 1.2553213759395612, 0.2261740214325263], [-0.4316566186476811, 1.2568674386185839, -0.13715866547647293], [-0.4777113162551861, 1.2568674385362772, 0.0488673082865078]], "line_directions": [[0, 1, 0], [0.24031616351242674, 4.165865590462458e-09, -0.9706946695818764], [0.9698145886464006, 0.04257322040115756, 0.24009828102943037]], "line_lengths": [0.38328421954328495, 0.07263089799624893], "points_info": {"0": [[0.24031616351242674, 4.165865590462458e-09, -0.9706946695818764], [0.9698145886464006, 0.04257322040115756, 0.24009828102943037]], "1": [[0.24031616351242674, 4.165865590462458e-09, -0.9706946695818764]], "2": [[0.24031616351242674, 4.165865590462458e-09, -0.9706946695818764]], "3": [[0.9698145886464006, 0.04257322040115756, 0.24009828102943037], [0.24031616932937558, 4.294802182086741e-10, -0.9706946681417669]], "4": [[0.9698145886464006, 0.04257322040115756, 0.24009828102943037]], "5": [[0.24031616932937558, 4.294802182086741e-10, -0.9706946681417669]], "6": [[0.24031616932937558, 4.294802182086741e-10, -0.9706946681417669]]}}, {"construction_lines": [[[-0.5942044527809095, 1.2537753103140485, 0.21745474454767047], [-0.5020950596054126, 1.253775311910759, -0.15459720429784593]], [[-0.5942044527794227, 1.253775310325397, 0.21745474455326466], [-0.5237659483161718, 1.2568674415537253, 0.23489329831178793]], [[-0.5237660138626911, 1.2568674384539709, 0.23489328204948853], [-0.4316566186476811, 1.2568674386185839, -0.13715866547647293]], [[-0.5020950763680975, 1.2537757155891454, -0.15459720814337097], [-0.431656601863366, 1.2568670348915192, -0.13715866170968896]]], "shape_curves": [], "raw_construction_lines": [[[-0.5947711753845215, 1.2423848110437392, 0.2197438731789589], [-0.5015283370018006, 1.2651658111810684, -0.15688633292913437]], [[-0.5994831824302673, 1.2393640899658203, 0.21107801854610442], [-0.5240645742416381, 1.2568408000469207, 0.23659066796302797]], [[-0.5277296936511993, 1.25383787214756, 0.23577266216278076], [-0.43600618839263916, 1.2473183023929595, -0.12113368541002273]], [[-0.5042146301269531, 1.2576041609048845, -0.15043502032756806], [-0.4036983680725098, 1.2552478429675102, -0.129229896068573]]], "raw_shape_curves": [], "line_points": [[-0.5942044527809095, 1.2537753103140485, 0.21745474454767047], [-0.5020950596054126, 1.253775311910759, -0.15459720429784593], [-0.548149756193161, 1.253775311112404, 0.03142877012491227], [-0.5237659483161718, 1.2568674415537253, 0.23489329831178793], [-0.5589852005477973, 1.2553213759395612, 0.2261740214325263], [-0.4316566186476811, 1.2568674386185839, -0.13715866547647293], [-0.4777113162551861, 1.2568674385362772, 0.0488673082865078], [-0.4668758391157317, 1.2553213752403323, -0.14587793492652995]], "line_directions": [[0, 1, 0], [0.24031616351242674, 4.165865590462458e-09, -0.9706946695818764], [0.9698145886464006, 0.04257322040115756, 0.24009828102943037]], "line_lengths": [0.38328421954328495, 0.07263089799624893], "points_info": {"0": [[0.24031616351242674, 4.165865590462458e-09, -0.9706946695818764], [0.9698145886464006, 0.04257322040115756, 0.24009828102943037]], "1": [[0.24031616351242674, 4.165865590462458e-09, -0.9706946695818764], [0.9698150490954428, 0.042562079915572065, 0.24009839629048838]], "2": [[0.24031616351242674, 4.165865590462458e-09, -0.9706946695818764]], "3": [[0.9698145886464006, 0.04257322040115756, 0.24009828102943037], [0.24031616932937558, 4.294802182086741e-10, -0.9706946681417669]], "4": [[0.9698145886464006, 0.04257322040115756, 0.24009828102943037]], "5": [[0.24031616932937558, 4.294802182086741e-10, -0.9706946681417669], [0.9698150490954428, 0.042562079915572065, 0.24009839629048838]], "6": [[0.24031616932937558, 4.294802182086741e-10, -0.9706946681417669]], "7": [[0.9698150490954428, 0.042562079915572065, 0.24009839629048838]]}}, {"construction_lines": [[[-0.5942044527809095, 1.2537753103140485, 0.21745474454767047], [-0.5020950596054126, 1.253775311910759, -0.15459720429784593]], [[-0.5942044527794227, 1.253775310325397, 0.21745474455326466], [-0.5237659483161718, 1.2568674415537253, 0.23489329831178793]], [[-0.5237660138626911, 1.2568674384539709, 0.23489328204948853], [-0.4316566186476811, 1.2568674386185839, -0.13715866547647293]], [[-0.5020950763680975, 1.2537757155891454, -0.15459720814337097], [-0.431656601863366, 1.2568670348915192, -0.13715866170968896]], [[-0.5237660145042782, 1.2568674386764078, 0.2348932819254885], [-0.5396049382774579, 1.6398041763492937, 0.23097202025652205]]], "shape_curves": [], "raw_construction_lines": [[[-0.5947711753845215, 1.2423848110437392, 0.2197438731789589], [-0.5015283370018006, 1.2651658111810684, -0.15688633292913437]], [[-0.5994831824302673, 1.2393640899658203, 0.21107801854610442], [-0.5240645742416381, 1.2568408000469207, 0.23659066796302797]], [[-0.5277296936511993, 1.25383787214756, 0.23577266216278076], [-0.43600618839263916, 1.2473183023929595, -0.12113368541002273]], [[-0.5042146301269531, 1.2576041609048845, -0.15043502032756806], [-0.4036983680725098, 1.2552478429675102, -0.129229896068573]], [[-0.5220540928840637, 1.2556062692403793, 0.2322801685333252], [-0.5347532463073731, 1.701751128435135, 0.20331042870879174]]], "raw_shape_curves": [], "line_points": [[-0.5942044527809095, 1.2537753103140485, 0.21745474454767047], [-0.5020950596054126, 1.253775311910759, -0.15459720429784593], [-0.548149756193161, 1.253775311112404, 0.03142877012491227], [-0.5237659483161718, 1.2568674415537253, 0.23489329831178793], [-0.5589852005477973, 1.2553213759395612, 0.2261740214325263], [-0.4316566186476811, 1.2568674386185839, -0.13715866547647293], [-0.4777113162551861, 1.2568674385362772, 0.0488673082865078], [-0.4668758391157317, 1.2553213752403323, -0.14587793492652995], [-0.5396049382774579, 1.6398041763492937, 0.23097202025652205], [-0.531685476390868, 1.4483358075128507, 0.23293265109100528]], "line_directions": [[0, 1, 0], [0.24031616351242674, 4.165865590462458e-09, -0.9706946695818764], [0.9698145886464006, 0.04257322040115756, 0.24009828102943037], [-0.041324226176104484, 0.9990934097132194, -0.010230689055934978]], "line_lengths": [0.38328421954328495, 0.07263089799624893], "points_info": {"0": [[0.24031616351242674, 4.165865590462458e-09, -0.9706946695818764], [0.9698145886464006, 0.04257322040115756, 0.24009828102943037]], "1": [[0.24031616351242674, 4.165865590462458e-09, -0.9706946695818764], [0.9698150490954428, 0.042562079915572065, 0.24009839629048838]], "2": [[0.24031616351242674, 4.165865590462458e-09, -0.9706946695818764]], "3": [[0.9698145886464006, 0.04257322040115756, 0.24009828102943037], [0.24031616932937558, 4.294802182086741e-10, -0.9706946681417669], [-0.041324226176104484, 0.9990934097132194, -0.010230689055934978]], "4": [[0.9698145886464006, 0.04257322040115756, 0.24009828102943037]], "5": [[0.24031616932937558, 4.294802182086741e-10, -0.9706946681417669], [0.9698150490954428, 0.042562079915572065, 0.24009839629048838]], "6": [[0.24031616932937558, 4.294802182086741e-10, -0.9706946681417669]], "7": [[0.9698150490954428, 0.042562079915572065, 0.24009839629048838]], "8": [[-0.041324226176104484, 0.9990934097132194, -0.010230689055934978]], "9": [[-0.041324226176104484, 0.9990934097132194, -0.010230689055934978]]}}, {"construction_lines": [[[-0.5942044527809095, 1.2537753103140485, 0.21745474454767047], [-0.5020950596054126, 1.253775311910759, -0.15459720429784593]], [[-0.5942044527794227, 1.253775310325397, 0.21745474455326466], [-0.5237659483161718, 1.2568674415537253, 0.23489329831178793]], [[-0.5237660138626911, 1.2568674384539709, 0.23489328204948853], [-0.4316566186476811, 1.2568674386185839, -0.13715866547647293]], [[-0.5020950763680975, 1.2537757155891454, -0.15459720814337097], [-0.431656601863366, 1.2568670348915192, -0.13715866170968896]], [[-0.5237660145042782, 1.2568674386764078, 0.2348932819254885], [-0.5396049382774579, 1.6398041763492937, 0.23097202025652205]], [[-0.5396049382774578, 1.6398041763492937, 0.23097202025652208], [-0.4474955450529634, 1.6398041771487109, -0.14107992857686388]]], "shape_curves": [], "raw_construction_lines": [[[-0.5947711753845215, 1.2423848110437392, 0.2197438731789589], [-0.5015283370018006, 1.2651658111810684, -0.15688633292913437]], [[-0.5994831824302673, 1.2393640899658203, 0.21107801854610442], [-0.5240645742416381, 1.2568408000469207, 0.23659066796302797]], [[-0.5277296936511993, 1.25383787214756, 0.23577266216278076], [-0.43600618839263916, 1.2473183023929595, -0.12113368541002273]], [[-0.5042146301269531, 1.2576041609048845, -0.15043502032756806], [-0.4036983680725098, 1.2552478429675102, -0.129229896068573]], [[-0.5220540928840637, 1.2556062692403793, 0.2322801685333252], [-0.5347532463073731, 1.701751128435135, 0.20331042870879174]], [[-0.5363236212730408, 1.6384242832660674, 0.2306062163412571], [-0.4386424553394318, 1.6141396474838257, -0.16430592834949495]]], "raw_shape_curves": [], "line_points": [[-0.5942044527809095, 1.2537753103140485, 0.21745474454767047], [-0.5020950596054126, 1.253775311910759, -0.15459720429784593], [-0.548149756193161, 1.253775311112404, 0.03142877012491227], [-0.5237659483161718, 1.2568674415537253, 0.23489329831178793], [-0.5589852005477973, 1.2553213759395612, 0.2261740214325263], [-0.4316566186476811, 1.2568674386185839, -0.13715866547647293], [-0.4777113162551861, 1.2568674385362772, 0.0488673082865078], [-0.4668758391157317, 1.2553213752403323, -0.14587793492652995], [-0.5396049382774579, 1.6398041763492937, 0.23097202025652205], [-0.531685476390868, 1.4483358075128507, 0.23293265109100528], [-0.4474955450529634, 1.6398041771487109, -0.14107992857686388], [-0.4935502416652106, 1.6398041767490024, 0.0449460458398291]], "line_directions": [[0, 1, 0], [0.24031616351242674, 4.165865590462458e-09, -0.9706946695818764], [0.9698145886464006, 0.04257322040115756, 0.24009828102943037], [-0.041324226176104484, 0.9990934097132194, -0.010230689055934978]], "line_lengths": [0.38328421954328495, 0.07263089799624893], "points_info": {"0": [[0.24031616351242674, 4.165865590462458e-09, -0.9706946695818764], [0.9698145886464006, 0.04257322040115756, 0.24009828102943037]], "1": [[0.24031616351242674, 4.165865590462458e-09, -0.9706946695818764], [0.9698150490954428, 0.042562079915572065, 0.24009839629048838]], "2": [[0.24031616351242674, 4.165865590462458e-09, -0.9706946695818764]], "3": [[0.9698145886464006, 0.04257322040115756, 0.24009828102943037], [0.24031616932937558, 4.294802182086741e-10, -0.9706946681417669], [-0.041324226176104484, 0.9990934097132194, -0.010230689055934978]], "4": [[0.9698145886464006, 0.04257322040115756, 0.24009828102943037]], "5": [[0.24031616932937558, 4.294802182086741e-10, -0.9706946681417669], [0.9698150490954428, 0.042562079915572065, 0.24009839629048838]], "6": [[0.24031616932937558, 4.294802182086741e-10, -0.9706946681417669]], "7": [[0.9698150490954428, 0.042562079915572065, 0.24009839629048838]], "8": [[-0.041324226176104484, 0.9990934097132194, -0.010230689055934978], [0.24031616364026265, 2.0857033980082477e-09, -0.9706946695502281]], "9": [[-0.041324226176104484, 0.9990934097132194, -0.010230689055934978]], "10": [[0.24031616364026265, 2.0857033980082477e-09, -0.9706946695502281]], "11": [[0.24031616364026265, 2.0857033980082477e-09, -0.9706946695502281]]}}, {"construction_lines": [[[-0.5942044527809095, 1.2537753103140485, 0.21745474454767047], [-0.5020950596054126, 1.253775311910759, -0.15459720429784593]], [[-0.5942044527794227, 1.253775310325397, 0.21745474455326466], [-0.5237659483161718, 1.2568674415537253, 0.23489329831178793]], [[-0.5237660138626911, 1.2568674384539709, 0.23489328204948853], [-0.4316566186476811, 1.2568674386185839, -0.13715866547647293]], [[-0.5020950763680975, 1.2537757155891454, -0.15459720814337097], [-0.431656601863366, 1.2568670348915192, -0.13715866170968896]], [[-0.5237660145042782, 1.2568674386764078, 0.2348932819254885], [-0.5396049382774579, 1.6398041763492937, 0.23097202025652205]], [[-0.5396049382774578, 1.6398041763492937, 0.23097202025652208], [-0.4474955450529634, 1.6398041771487109, -0.14107992857686388]], [[-0.44749554997322827, 1.6398041622919892, -0.14107992962767504], [-0.43165664146253274, 1.2568673129536725, -0.13715867141307755]]], "shape_curves": [], "raw_construction_lines": [[[-0.5947711753845215, 1.2423848110437392, 0.2197438731789589], [-0.5015283370018006, 1.2651658111810684, -0.15688633292913437]], [[-0.5994831824302673, 1.2393640899658203, 0.21107801854610442], [-0.5240645742416381, 1.2568408000469207, 0.23659066796302797]], [[-0.5277296936511993, 1.25383787214756, 0.23577266216278076], [-0.43600618839263916, 1.2473183023929595, -0.12113368541002273]], [[-0.5042146301269531, 1.2576041609048845, -0.15043502032756806], [-0.4036983680725098, 1.2552478429675102, -0.129229896068573]], [[-0.5220540928840637, 1.2556062692403793, 0.2322801685333252], [-0.5347532463073731, 1.701751128435135, 0.20331042870879174]], [[-0.5363236212730408, 1.6384242832660674, 0.2306062163412571], [-0.4386424553394318, 1.6141396474838257, -0.16430592834949495]], [[-0.44506444454193117, 1.6409103274345398, -0.1389264088869095], [-0.42437799215316774, 1.2384870284795761, -0.13999679446220398]]], "raw_shape_curves": [], "line_points": [[-0.5942044527809095, 1.2537753103140485, 0.21745474454767047], [-0.5020950596054126, 1.253775311910759, -0.15459720429784593], [-0.548149756193161, 1.253775311112404, 0.03142877012491227], [-0.5237659483161718, 1.2568674415537253, 0.23489329831178793], [-0.5589852005477973, 1.2553213759395612, 0.2261740214325263], [-0.4316566186476811, 1.2568674386185839, -0.13715866547647293], [-0.4777113162551861, 1.2568674385362772, 0.0488673082865078], [-0.4668758391157317, 1.2553213752403323, -0.14587793492652995], [-0.5396049382774579, 1.6398041763492937, 0.23097202025652205], [-0.531685476390868, 1.4483358075128507, 0.23293265109100528], [-0.4474955450529634, 1.6398041771487109, -0.14107992857686388], [-0.4935502416652106, 1.6398041767490024, 0.0449460458398291], [-0.4395760957178805, 1.448335737622831, -0.1391193005203763]], "line_directions": [[0, 1, 0], [0.24031616351242674, 4.165865590462458e-09, -0.9706946695818764], [0.9698145886464006, 0.04257322040115756, 0.24009828102943037], [-0.041324226176104484, 0.9990934097132194, -0.010230689055934978]], "line_lengths": [0.38328421954328495, 0.07263089799624893], "points_info": {"0": [[0.24031616351242674, 4.165865590462458e-09, -0.9706946695818764], [0.9698145886464006, 0.04257322040115756, 0.24009828102943037]], "1": [[0.24031616351242674, 4.165865590462458e-09, -0.9706946695818764], [0.9698150490954428, 0.042562079915572065, 0.24009839629048838]], "2": [[0.24031616351242674, 4.165865590462458e-09, -0.9706946695818764]], "3": [[0.9698145886464006, 0.04257322040115756, 0.24009828102943037], [0.24031616932937558, 4.294802182086741e-10, -0.9706946681417669], [-0.041324226176104484, 0.9990934097132194, -0.010230689055934978]], "4": [[0.9698145886464006, 0.04257322040115756, 0.24009828102943037]], "5": [[0.24031616932937558, 4.294802182086741e-10, -0.9706946681417669], [0.9698150490954428, 0.042562079915572065, 0.24009839629048838], [0.041324174399231, -0.9990934119773984, 0.010230677083273848]], "6": [[0.24031616932937558, 4.294802182086741e-10, -0.9706946681417669]], "7": [[0.9698150490954428, 0.042562079915572065, 0.24009839629048838]], "8": [[-0.041324226176104484, 0.9990934097132194, -0.010230689055934978], [0.24031616364026265, 2.0857033980082477e-09, -0.9706946695502281]], "9": [[-0.041324226176104484, 0.9990934097132194, -0.010230689055934978]], "10": [[0.24031616364026265, 2.0857033980082477e-09, -0.9706946695502281], [0.041324174399231, -0.9990934119773984, 0.010230677083273848]], "11": [[0.24031616364026265, 2.0857033980082477e-09, -0.9706946695502281]], "12": [[0.041324174399231, -0.9990934119773984, 0.010230677083273848]]}}, {"construction_lines": [[[-0.5942044527809095, 1.2537753103140485, 0.21745474454767047], [-0.5020950596054126, 1.253775311910759, -0.15459720429784593]], [[-0.5942044527794227, 1.253775310325397, 0.21745474455326466], [-0.5237659483161718, 1.2568674415537253, 0.23489329831178793]], [[-0.5237660138626911, 1.2568674384539709, 0.23489328204948853], [-0.4316566186476811, 1.2568674386185839, -0.13715866547647293]], [[-0.5020950763680975, 1.2537757155891454, -0.15459720814337097], [-0.431656601863366, 1.2568670348915192, -0.13715866170968896]], [[-0.5237660145042782, 1.2568674386764078, 0.2348932819254885], [-0.5396049382774579, 1.6398041763492937, 0.23097202025652205]], [[-0.5396049382774578, 1.6398041763492937, 0.23097202025652208], [-0.4474955450529634, 1.6398041771487109, -0.14107992857686388]], [[-0.44749554997322827, 1.6398041622919892, -0.14107992962767504], [-0.43165664146253274, 1.2568673129536725, -0.13715867141307755]], [[-0.5942044193911642, 1.2537753115683814, 0.21745475281650065], [-0.6100433431578496, 1.6367120495944332, 0.21353349114928516]]], "shape_curves": [], "raw_construction_lines": [[[-0.5947711753845215, 1.2423848110437392, 0.2197438731789589], [-0.5015283370018006, 1.2651658111810684, -0.15688633292913437]], [[-0.5994831824302673, 1.2393640899658203, 0.21107801854610442], [-0.5240645742416381, 1.2568408000469207, 0.23659066796302797]], [[-0.5277296936511993, 1.25383787214756, 0.23577266216278076], [-0.43600618839263916, 1.2473183023929595, -0.12113368541002273]], [[-0.5042146301269531, 1.2576041609048845, -0.15043502032756806], [-0.4036983680725098, 1.2552478429675102, -0.129229896068573]], [[-0.5220540928840637, 1.2556062692403793, 0.2322801685333252], [-0.5347532463073731, 1.701751128435135, 0.20331042870879174]], [[-0.5363236212730408, 1.6384242832660674, 0.2306062163412571], [-0.4386424553394318, 1.6141396474838257, -0.16430592834949495]], [[-0.44506444454193117, 1.6409103274345398, -0.1389264088869095], [-0.42437799215316774, 1.2384870284795761, -0.13999679446220398]], [[-0.5959346127510071, 1.2492821019887925, 0.21907547116279602], [-0.6066464614868164, 1.640001720190048, 0.20827554941177367]]], "raw_shape_curves": [], "line_points": [[-0.5942044527809095, 1.2537753103140485, 0.21745474454767047], [-0.5020950596054126, 1.253775311910759, -0.15459720429784593], [-0.548149756193161, 1.253775311112404, 0.03142877012491227], [-0.5237659483161718, 1.2568674415537253, 0.23489329831178793], [-0.5589852005477973, 1.2553213759395612, 0.2261740214325263], [-0.4316566186476811, 1.2568674386185839, -0.13715866547647293], [-0.4777113162551861, 1.2568674385362772, 0.0488673082865078], [-0.4668758391157317, 1.2553213752403323, -0.14587793492652995], [-0.5396049382774579, 1.6398041763492937, 0.23097202025652205], [-0.531685476390868, 1.4483358075128507, 0.23293265109100528], [-0.4474955450529634, 1.6398041771487109, -0.14107992857686388], [-0.4935502416652106, 1.6398041767490024, 0.0449460458398291], [-0.4395760957178805, 1.448335737622831, -0.1391193005203763], [-0.6100433431578496, 1.6367120495944332, 0.21353349114928516], [-0.6021238812745069, 1.4452436805814073, 0.21549412198289292]], "line_directions": [[0, 1, 0], [0.24031616351242674, 4.165865590462458e-09, -0.9706946695818764], [0.9698145886464006, 0.04257322040115756, 0.24009828102943037], [-0.041324226176104484, 0.9990934097132194, -0.010230689055934978]], "line_lengths": [0.38328421954328495, 0.07263089799624893], "points_info": {"0": [[0.24031616351242674, 4.165865590462458e-09, -0.9706946695818764], [0.9698145886464006, 0.04257322040115756, 0.24009828102943037], [-0.041324226121148895, 0.9990934097156355, -0.01023068904195609]], "1": [[0.24031616351242674, 4.165865590462458e-09, -0.9706946695818764], [0.9698150490954428, 0.042562079915572065, 0.24009839629048838]], "2": [[0.24031616351242674, 4.165865590462458e-09, -0.9706946695818764]], "3": [[0.9698145886464006, 0.04257322040115756, 0.24009828102943037], [0.24031616932937558, 4.294802182086741e-10, -0.9706946681417669], [-0.041324226176104484, 0.9990934097132194, -0.010230689055934978]], "4": [[0.9698145886464006, 0.04257322040115756, 0.24009828102943037]], "5": [[0.24031616932937558, 4.294802182086741e-10, -0.9706946681417669], [0.9698150490954428, 0.042562079915572065, 0.24009839629048838], [0.041324174399231, -0.9990934119773984, 0.010230677083273848]], "6": [[0.24031616932937558, 4.294802182086741e-10, -0.9706946681417669]], "7": [[0.9698150490954428, 0.042562079915572065, 0.24009839629048838]], "8": [[-0.041324226176104484, 0.9990934097132194, -0.010230689055934978], [0.24031616364026265, 2.0857033980082477e-09, -0.9706946695502281]], "9": [[-0.041324226176104484, 0.9990934097132194, -0.010230689055934978]], "10": [[0.24031616364026265, 2.0857033980082477e-09, -0.9706946695502281], [0.041324174399231, -0.9990934119773984, 0.010230677083273848]], "11": [[0.24031616364026265, 2.0857033980082477e-09, -0.9706946695502281]], "12": [[0.041324174399231, -0.9990934119773984, 0.010230677083273848]], "13": [[-0.041324226121148895, 0.9990934097156355, -0.01023068904195609]], "14": [[-0.041324226121148895, 0.9990934097156355, -0.01023068904195609]]}}, {"construction_lines": [[[-0.5942044527809095, 1.2537753103140485, 0.21745474454767047], [-0.5020950596054126, 1.253775311910759, -0.15459720429784593]], [[-0.5942044527794227, 1.253775310325397, 0.21745474455326466], [-0.5237659483161718, 1.2568674415537253, 0.23489329831178793]], [[-0.5237660138626911, 1.2568674384539709, 0.23489328204948853], [-0.4316566186476811, 1.2568674386185839, -0.13715866547647293]], [[-0.5020950763680975, 1.2537757155891454, -0.15459720814337097], [-0.431656601863366, 1.2568670348915192, -0.13715866170968896]], [[-0.5237660145042782, 1.2568674386764078, 0.2348932819254885], [-0.5396049382774579, 1.6398041763492937, 0.23097202025652205]], [[-0.5396049382774578, 1.6398041763492937, 0.23097202025652208], [-0.4474955450529634, 1.6398041771487109, -0.14107992857686388]], [[-0.44749554997322827, 1.6398041622919892, -0.14107992962767504], [-0.43165664146253274, 1.2568673129536725, -0.13715867141307755]], [[-0.5942044193911642, 1.2537753115683814, 0.21745475281650065], [-0.6100433431578496, 1.6367120495944332, 0.21353349114928516]], [[-0.6100433987303608, 1.6367121457901648, 0.21353347731019173], [-0.5396049017635935, 1.6398041286532068, 0.23097202920373364]]], "shape_curves": [], "raw_construction_lines": [[[-0.5947711753845215, 1.2423848110437392, 0.2197438731789589], [-0.5015283370018006, 1.2651658111810684, -0.15688633292913437]], [[-0.5994831824302673, 1.2393640899658203, 0.21107801854610442], [-0.5240645742416381, 1.2568408000469207, 0.23659066796302797]], [[-0.5277296936511993, 1.25383787214756, 0.23577266216278076], [-0.43600618839263916, 1.2473183023929595, -0.12113368541002273]], [[-0.5042146301269531, 1.2576041609048845, -0.15043502032756806], [-0.4036983680725098, 1.2552478429675102, -0.129229896068573]], [[-0.5220540928840637, 1.2556062692403793, 0.2322801685333252], [-0.5347532463073731, 1.701751128435135, 0.20331042870879174]], [[-0.5363236212730408, 1.6384242832660674, 0.2306062163412571], [-0.4386424553394318, 1.6141396474838257, -0.16430592834949495]], [[-0.44506444454193117, 1.6409103274345398, -0.1389264088869095], [-0.42437799215316774, 1.2384870284795761, -0.13999679446220398]], [[-0.5959346127510071, 1.2492821019887925, 0.21907547116279602], [-0.6066464614868164, 1.640001720190048, 0.20827554941177367]], [[-0.6127218580245972, 1.6369173038005829, 0.21362765967845915], [-0.538574132323265, 1.6379941368103028, 0.2287697845697403]]], "raw_shape_curves": [], "line_points": [[-0.5942044527809095, 1.2537753103140485, 0.21745474454767047], [-0.5020950596054126, 1.253775311910759, -0.15459720429784593], [-0.548149756193161, 1.253775311112404, 0.03142877012491227], [-0.5237659483161718, 1.2568674415537253, 0.23489329831178793], [-0.5589852005477973, 1.2553213759395612, 0.2261740214325263], [-0.4316566186476811, 1.2568674386185839, -0.13715866547647293], [-0.4777113162551861, 1.2568674385362772, 0.0488673082865078], [-0.4668758391157317, 1.2553213752403323, -0.14587793492652995], [-0.5396049382774579, 1.6398041763492937, 0.23097202025652205], [-0.531685476390868, 1.4483358075128507, 0.23293265109100528], [-0.4474955450529634, 1.6398041771487109, -0.14107992857686388], [-0.4935502416652106, 1.6398041767490024, 0.0449460458398291], [-0.4395760957178805, 1.448335737622831, -0.1391193005203763], [-0.6100433431578496, 1.6367120495944332, 0.21353349114928516], [-0.6021238812745069, 1.4452436805814073, 0.21549412198289292], [-0.5748241502469772, 1.6382581372216858, 0.2222527532569627]], "line_directions": [[0, 1, 0], [0.24031616351242674, 4.165865590462458e-09, -0.9706946695818764], [0.9698145886464006, 0.04257322040115756, 0.24009828102943037], [-0.041324226176104484, 0.9990934097132194, -0.010230689055934978]], "line_lengths": [0.38328421954328495, 0.07263089799624893], "points_info": {"0": [[0.24031616351242674, 4.165865590462458e-09, -0.9706946695818764], [0.9698145886464006, 0.04257322040115756, 0.24009828102943037], [-0.041324226121148895, 0.9990934097156355, -0.01023068904195609]], "1": [[0.24031616351242674, 4.165865590462458e-09, -0.9706946695818764], [0.9698150490954428, 0.042562079915572065, 0.24009839629048838]], "2": [[0.24031616351242674, 4.165865590462458e-09, -0.9706946695818764]], "3": [[0.9698145886464006, 0.04257322040115756, 0.24009828102943037], [0.24031616932937558, 4.294802182086741e-10, -0.9706946681417669], [-0.041324226176104484, 0.9990934097132194, -0.010230689055934978]], "4": [[0.9698145886464006, 0.04257322040115756, 0.24009828102943037]], "5": [[0.24031616932937558, 4.294802182086741e-10, -0.9706946681417669], [0.9698150490954428, 0.042562079915572065, 0.24009839629048838], [0.041324174399231, -0.9990934119773984, 0.010230677083273848]], "6": [[0.24031616932937558, 4.294802182086741e-10, -0.9706946681417669]], "7": [[0.9698150490954428, 0.042562079915572065, 0.24009839629048838]], "8": [[-0.041324226176104484, 0.9990934097132194, -0.010230689055934978], [0.24031616364026265, 2.0857033980082477e-09, -0.9706946695502281], [0.9698146728268886, 0.04257118589742479, 0.24009830174526828]], "9": [[-0.041324226176104484, 0.9990934097132194, -0.010230689055934978]], "10": [[0.24031616364026265, 2.0857033980082477e-09, -0.9706946695502281], [0.041324174399231, -0.9990934119773984, 0.010230677083273848]], "11": [[0.24031616364026265, 2.0857033980082477e-09, -0.9706946695502281]], "12": [[0.041324174399231, -0.9990934119773984, 0.010230677083273848]], "13": [[-0.041324226121148895, 0.9990934097156355, -0.01023068904195609], [0.9698146728268886, 0.04257118589742479, 0.24009830174526828]], "14": [[-0.041324226121148895, 0.9990934097156355, -0.01023068904195609]], "15": [[0.9698146728268886, 0.04257118589742479, 0.24009830174526828]]}}, {"construction_lines": [[[-0.5942044527809095, 1.2537753103140485, 0.21745474454767047], [-0.5020950596054126, 1.253775311910759, -0.15459720429784593]], [[-0.5942044527794227, 1.253775310325397, 0.21745474455326466], [-0.5237659483161718, 1.2568674415537253, 0.23489329831178793]], [[-0.5237660138626911, 1.2568674384539709, 0.23489328204948853], [-0.4316566186476811, 1.2568674386185839, -0.13715866547647293]], [[-0.5020950763680975, 1.2537757155891454, -0.15459720814337097], [-0.431656601863366, 1.2568670348915192, -0.13715866170968896]], [[-0.5237660145042782, 1.2568674386764078, 0.2348932819254885], [-0.5396049382774579, 1.6398041763492937, 0.23097202025652205]], [[-0.5396049382774578, 1.6398041763492937, 0.23097202025652208], [-0.4474955450529634, 1.6398041771487109, -0.14107992857686388]], [[-0.44749554997322827, 1.6398041622919892, -0.14107992962767504], [-0.43165664146253274, 1.2568673129536725, -0.13715867141307755]], [[-0.5942044193911642, 1.2537753115683814, 0.21745475281650065], [-0.6100433431578496, 1.6367120495944332, 0.21353349114928516]], [[-0.6100433987303608, 1.6367121457901648, 0.21353347731019173], [-0.5396049017635935, 1.6398041286532068, 0.23097202920373364]], [[-0.610043311619786, 1.6367121004421608, 0.2135334989667344], [-0.5179339183677348, 1.6367121012417014, -0.15851844996326175]]], "shape_curves": [], "raw_construction_lines": [[[-0.5947711753845215, 1.2423848110437392, 0.2197438731789589], [-0.5015283370018006, 1.2651658111810684, -0.15688633292913437]], [[-0.5994831824302673, 1.2393640899658203, 0.21107801854610442], [-0.5240645742416381, 1.2568408000469207, 0.23659066796302797]], [[-0.5277296936511993, 1.25383787214756, 0.23577266216278076], [-0.43600618839263916, 1.2473183023929595, -0.12113368541002273]], [[-0.5042146301269531, 1.2576041609048845, -0.15043502032756806], [-0.4036983680725098, 1.2552478429675102, -0.129229896068573]], [[-0.5220540928840637, 1.2556062692403793, 0.2322801685333252], [-0.5347532463073731, 1.701751128435135, 0.20331042870879174]], [[-0.5363236212730408, 1.6384242832660674, 0.2306062163412571], [-0.4386424553394318, 1.6141396474838257, -0.16430592834949495]], [[-0.44506444454193117, 1.6409103274345398, -0.1389264088869095], [-0.42437799215316774, 1.2384870284795761, -0.13999679446220398]], [[-0.5959346127510071, 1.2492821019887925, 0.21907547116279602], [-0.6066464614868164, 1.640001720190048, 0.20827554941177367]], [[-0.6127218580245972, 1.6369173038005829, 0.21362765967845915], [-0.538574132323265, 1.6379941368103028, 0.2287697845697403]], [[-0.6119406855106353, 1.6357235765457154, 0.2092747774720192], [-0.5119020801782608, 1.6422571814060212, -0.16440346717834473]]], "raw_shape_curves": [], "line_points": [[-0.5942044527809095, 1.2537753103140485, 0.21745474454767047], [-0.5020950596054126, 1.253775311910759, -0.15459720429784593], [-0.548149756193161, 1.253775311112404, 0.03142877012491227], [-0.5237659483161718, 1.2568674415537253, 0.23489329831178793], [-0.5589852005477973, 1.2553213759395612, 0.2261740214325263], [-0.4316566186476811, 1.2568674386185839, -0.13715866547647293], [-0.4777113162551861, 1.2568674385362772, 0.0488673082865078], [-0.4668758391157317, 1.2553213752403323, -0.14587793492652995], [-0.5396049382774579, 1.6398041763492937, 0.23097202025652205], [-0.531685476390868, 1.4483358075128507, 0.23293265109100528], [-0.4474955450529634, 1.6398041771487109, -0.14107992857686388], [-0.4935502416652106, 1.6398041767490024, 0.0449460458398291], [-0.4395760957178805, 1.448335737622831, -0.1391193005203763], [-0.6100433431578496, 1.6367120495944332, 0.21353349114928516], [-0.6021238812745069, 1.4452436805814073, 0.21549412198289292], [-0.5748241502469772, 1.6382581372216858, 0.2222527532569627], [-0.5179339183677348, 1.6367121012417014, -0.15851844996326175], [-0.5639886149937604, 1.636712100841931, 0.027507524501736325]], "line_directions": [[0, 1, 0], [0.24031616351242674, 4.165865590462458e-09, -0.9706946695818764], [0.9698145886464006, 0.04257322040115756, 0.24009828102943037], [-0.041324226176104484, 0.9990934097132194, -0.010230689055934978]], "line_lengths": [0.38328421954328495, 0.07263089799624893], "points_info": {"0": [[0.24031616351242674, 4.165865590462458e-09, -0.9706946695818764], [0.9698145886464006, 0.04257322040115756, 0.24009828102943037], [-0.041324226121148895, 0.9990934097156355, -0.01023068904195609]], "1": [[0.24031616351242674, 4.165865590462458e-09, -0.9706946695818764], [0.9698150490954428, 0.042562079915572065, 0.24009839629048838]], "2": [[0.24031616351242674, 4.165865590462458e-09, -0.9706946695818764]], "3": [[0.9698145886464006, 0.04257322040115756, 0.24009828102943037], [0.24031616932937558, 4.294802182086741e-10, -0.9706946681417669], [-0.041324226176104484, 0.9990934097132194, -0.010230689055934978]], "4": [[0.9698145886464006, 0.04257322040115756, 0.24009828102943037]], "5": [[0.24031616932937558, 4.294802182086741e-10, -0.9706946681417669], [0.9698150490954428, 0.042562079915572065, 0.24009839629048838], [0.041324174399231, -0.9990934119773984, 0.010230677083273848]], "6": [[0.24031616932937558, 4.294802182086741e-10, -0.9706946681417669]], "7": [[0.9698150490954428, 0.042562079915572065, 0.24009839629048838]], "8": [[-0.041324226176104484, 0.9990934097132194, -0.010230689055934978], [0.24031616364026265, 2.0857033980082477e-09, -0.9706946695502281], [0.9698146728268886, 0.04257118589742479, 0.24009830174526828]], "9": [[-0.041324226176104484, 0.9990934097132194, -0.010230689055934978]], "10": [[0.24031616364026265, 2.0857033980082477e-09, -0.9706946695502281], [0.041324174399231, -0.9990934119773984, 0.010230677083273848]], "11": [[0.24031616364026265, 2.0857033980082477e-09, -0.9706946695502281]], "12": [[0.041324174399231, -0.9990934119773984, 0.010230677083273848]], "13": [[-0.041324226121148895, 0.9990934097156355, -0.01023068904195609], [0.9698146728268886, 0.04257118589742479, 0.24009830174526828], [0.24031616364920816, 2.086025499948802e-09, -0.9706946695480134]], "14": [[-0.041324226121148895, 0.9990934097156355, -0.01023068904195609]], "15": [[0.9698146728268886, 0.04257118589742479, 0.24009830174526828]], "16": [[0.24031616364920816, 2.086025499948802e-09, -0.9706946695480134]], "17": [[0.24031616364920816, 2.086025499948802e-09, -0.9706946695480134]]}}, {"construction_lines": [[[-0.5942044527809095, 1.2537753103140485, 0.21745474454767047], [-0.5020950596054126, 1.253775311910759, -0.15459720429784593]], [[-0.5942044527794227, 1.253775310325397, 0.21745474455326466], [-0.5237659483161718, 1.2568674415537253, 0.23489329831178793]], [[-0.5237660138626911, 1.2568674384539709, 0.23489328204948853], [-0.4316566186476811, 1.2568674386185839, -0.13715866547647293]], [[-0.5020950763680975, 1.2537757155891454, -0.15459720814337097], [-0.431656601863366, 1.2568670348915192, -0.13715866170968896]], [[-0.5237660145042782, 1.2568674386764078, 0.2348932819254885], [-0.5396049382774579, 1.6398041763492937, 0.23097202025652205]], [[-0.5396049382774578, 1.6398041763492937, 0.23097202025652208], [-0.4474955450529634, 1.6398041771487109, -0.14107992857686388]], [[-0.44749554997322827, 1.6398041622919892, -0.14107992962767504], [-0.43165664146253274, 1.2568673129536725, -0.13715867141307755]], [[-0.5942044193911642, 1.2537753115683814, 0.21745475281650065], [-0.6100433431578496, 1.6367120495944332, 0.21353349114928516]], [[-0.6100433987303608, 1.6367121457901648, 0.21353347731019173], [-0.5396049017635935, 1.6398041286532068, 0.23097202920373364]], [[-0.610043311619786, 1.6367121004421608, 0.2135334989667344], [-0.5179339183677348, 1.6367121012417014, -0.15851844996326175]], [[-0.5179339903620851, 1.636712147340331, -0.15851846765736444], [-0.44749549822904483, 1.6398041299367148, -0.14107991695387567]]], "shape_curves": [], "raw_construction_lines": [[[-0.5947711753845215, 1.2423848110437392, 0.2197438731789589], [-0.5015283370018006, 1.2651658111810684, -0.15688633292913437]], [[-0.5994831824302673, 1.2393640899658203, 0.21107801854610442], [-0.5240645742416381, 1.2568408000469207, 0.23659066796302797]], [[-0.5277296936511993, 1.25383787214756, 0.23577266216278076], [-0.43600618839263916, 1.2473183023929595, -0.12113368541002273]], [[-0.5042146301269531, 1.2576041609048845, -0.15043502032756806], [-0.4036983680725098, 1.2552478429675102, -0.129229896068573]], [[-0.5220540928840637, 1.2556062692403793, 0.2322801685333252], [-0.5347532463073731, 1.701751128435135, 0.20331042870879174]], [[-0.5363236212730408, 1.6384242832660674, 0.2306062163412571], [-0.4386424553394318, 1.6141396474838257, -0.16430592834949495]], [[-0.44506444454193117, 1.6409103274345398, -0.1389264088869095], [-0.42437799215316774, 1.2384870284795761, -0.13999679446220398]], [[-0.5959346127510071, 1.2492821019887925, 0.21907547116279602], [-0.6066464614868164, 1.640001720190048, 0.20827554941177367]], [[-0.6127218580245972, 1.6369173038005829, 0.21362765967845915], [-0.538574132323265, 1.6379941368103028, 0.2287697845697403]], [[-0.6119406855106353, 1.6357235765457154, 0.2092747774720192], [-0.5119020801782608, 1.6422571814060212, -0.16440346717834473]], [[-0.5235720294713974, 1.6328821742534638, -0.15646455943584442], [-0.4380898630619049, 1.640836511850357, -0.13589615464210508]]], "raw_shape_curves": [], "line_points": [[-0.5942044527809095, 1.2537753103140485, 0.21745474454767047], [-0.5020950596054126, 1.253775311910759, -0.15459720429784593], [-0.548149756193