[{"construction_lines": [], "shape_curves": [], "raw_construction_lines": [], "raw_shape_curves": [], "line_points": [], "line_directions": [[0, 1, 0]], "line_lengths": [], "points_info": {}}, {"construction_lines": [[[-0.2938426024074864, 1.1443761110153343, 0.7188384822515755], [-0.2512846672181774, 1.1443761089596605, 0.16174887234885402]]], "shape_curves": [], "raw_construction_lines": [[[-0.2937636798620224, 1.123581410944462, 0.7178053745627404], [-0.25136358976364137, 1.1651708090305328, 0.1627819800376892]]], "raw_shape_curves": [], "line_points": [[-0.2938426024074864, 1.1443761110153343, 0.7188384822515755], [-0.2512846672181774, 1.1443761089596605, 0.16174887234885402], [-0.27256363481283186, 1.1443761099874974, 0.4402936773002148]], "line_directions": [[0, 1, 0], [0.07617139598969969, -3.679303199594737e-09, -0.997094738945593]], "line_lengths": [0.5587128164890652], "points_info": {"0": [[0.07617139598969969, -3.679303199594737e-09, -0.997094738945593]], "1": [[0.07617139598969969, -3.679303199594737e-09, -0.997094738945593]], "2": [[0.07617139598969969, -3.679303199594737e-09, -0.997094738945593]]}}, {"construction_lines": [[[-0.2938426024074864, 1.1443761110153343, 0.7188384822515755], [-0.2512846672181774, 1.1443761089596605, 0.16174887234885402]], [[-0.2938426020131828, 1.1443761108413188, 0.7188384817850633], [0.26324701041066545, 1.1443761093425036, 0.7613964167417593]]], "shape_curves": [], "raw_construction_lines": [[[-0.2937636798620224, 1.123581410944462, 0.7178053745627404], [-0.25136358976364137, 1.1651708090305328, 0.1627819800376892]], [[-0.29570747137069703, 1.1370702190324664, 0.7230940556526184], [0.1854865750670433, 1.1206922747194767, 0.7269615364074707]]], "raw_shape_curves": [], "line_points": [[-0.2938426024074864, 1.1443761110153343, 0.7188384822515755], [-0.2512846672181774, 1.1443761089596605, 0.16174887234885402], [-0.27256363481283186, 1.1443761099874974, 0.4402936773002148], [0.26324701041066545, 1.1443761093425036, 0.7613964167417593], [-0.015297795801258673, 1.1443761100919112, 0.7401174492634113]], "line_directions": [[0, 1, 0], [0.07617139598969969, -3.679303199594737e-09, -0.997094738945593], [0.9970947390033952, -2.682621989631701e-09, 0.07617139523306203]], "line_lengths": [0.5587128164890652], "points_info": {"0": [[0.07617139598969969, -3.679303199594737e-09, -0.997094738945593], [0.9970947390033952, -2.682621989631701e-09, 0.07617139523306203]], "1": [[0.07617139598969969, -3.679303199594737e-09, -0.997094738945593]], "2": [[0.07617139598969969, -3.679303199594737e-09, -0.997094738945593]], "3": [[0.9970947390033952, -2.682621989631701e-09, 0.07617139523306203]], "4": [[0.9970947390033952, -2.682621989631701e-09, 0.07617139523306203]]}}, {"construction_lines": [[[-0.2938426024074864, 1.1443761110153343, 0.7188384822515755], [-0.2512846672181774, 1.1443761089596605, 0.16174887234885402]], [[-0.2938426020131828, 1.1443761108413188, 0.7188384817850633], [0.26324701041066545, 1.1443761093425036, 0.7613964167417593]], [[0.2632470104219082, 1.1443761092466964, 0.7613964167138931], [0.30580494733684316, 1.144376108391899, 0.20430680356205358]]], "shape_curves": [], "raw_construction_lines": [[[-0.2937636798620224, 1.123581410944462, 0.7178053745627404], [-0.25136358976364137, 1.1651708090305328, 0.1627819800376892]], [[-0.29570747137069703, 1.1370702190324664, 0.7230940556526184], [0.1854865750670433, 1.1206922747194767, 0.7269615364074707]], [[0.2658330899477005, 1.1334656071662903, 0.7626178431510925], [0.33774838149547576, 1.1446598744392396, 0.16971106588840484]]], "raw_shape_curves": [], "line_points": [[-0.2938426024074864, 1.1443761110153343, 0.7188384822515755], [-0.2512846672181774, 1.1443761089596605, 0.16174887234885402], [-0.27256363481283186, 1.1443761099874974, 0.4402936773002148], [0.26324701041066545, 1.1443761093425036, 0.7613964167417593], [-0.015297795801258673, 1.1443761100919112, 0.7401174492634113], [0.30580494733684316, 1.144376108391899, 0.20430680356205358], [0.2845259788793757, 1.1443761088192979, 0.48285161013797334]], "line_directions": [[0, 1, 0], [0.07617139598969969, -3.679303199594737e-09, -0.997094738945593], [0.9970947390033952, -2.682621989631701e-09, 0.07617139523306203]], "line_lengths": [0.5587128164890652], "points_info": {"0": [[0.07617139598969969, -3.679303199594737e-09, -0.997094738945593], [0.9970947390033952, -2.682621989631701e-09, 0.07617139523306203]], "1": [[0.07617139598969969, -3.679303199594737e-09, -0.997094738945593]], "2": [[0.07617139598969969, -3.679303199594737e-09, -0.997094738945593]], "3": [[0.9970947390033952, -2.682621989631701e-09, 0.07617139523306203], [0.07617139861867628, -1.5299404517559238e-09, -0.9970947387447567]], "4": [[0.9970947390033952, -2.682621989631701e-09, 0.07617139523306203]], "5": [[0.07617139861867628, -1.5299404517559238e-09, -0.9970947387447567]], "6": [[0.07617139861867628, -1.5299404517559238e-09, -0.9970947387447567]]}}, {"construction_lines": [[[-0.2938426024074864, 1.1443761110153343, 0.7188384822515755], [-0.2512846672181774, 1.1443761089596605, 0.16174887234885402]], [[-0.2938426020131828, 1.1443761108413188, 0.7188384817850633], [0.26324701041066545, 1.1443761093425036, 0.7613964167417593]], [[0.2632470104219082, 1.1443761092466964, 0.7613964167138931], [0.30580494733684316, 1.144376108391899, 0.20430680356205358]], [[-0.25128466705892655, 1.1443761089779185, 0.16174887187899248], [0.30580494708637357, 1.144376108384705, 0.20430680424210998]]], "shape_curves": [], "raw_construction_lines": [[[-0.2937636798620224, 1.123581410944462, 0.7178053745627404], [-0.25136358976364137, 1.1651708090305328, 0.1627819800376892]], [[-0.29570747137069703, 1.1370702190324664, 0.7230940556526184], [0.1854865750670433, 1.1206922747194767, 0.7269615364074707]], [[0.2658330899477005, 1.1334656071662903, 0.7626178431510925], [0.33774838149547576, 1.1446598744392396, 0.16971106588840484]], [[-0.2408662658929825, 1.159085479825735, 0.16774129569530485], [0.31205917507410047, 1.1466828633099795, 0.20417282581329346]]], "raw_shape_curves": [], "line_points": [[-0.2938426024074864, 1.1443761110153343, 0.7188384822515755], [-0.2512846672181774, 1.1443761089596605, 0.16174887234885402], [-0.27256363481283186, 1.1443761099874974, 0.4402936773002148], [0.26324701041066545, 1.1443761093425036, 0.7613964167417593], [-0.015297795801258673, 1.1443761100919112, 0.7401174492634113], [0.30580494733684316, 1.144376108391899, 0.20430680356205358], [0.2845259788793757, 1.1443761088192979, 0.48285161013797334], [0.02726014001372351, 1.1443761086813118, 0.18302783806055123]], "line_directions": [[0, 1, 0], [0.07617139598969969, -3.679303199594737e-09, -0.997094738945593], [0.9970947390033952, -2.682621989631701e-09, 0.07617139523306203]], "line_lengths": [0.5587128164890652], "points_info": {"0": [[0.07617139598969969, -3.679303199594737e-09, -0.997094738945593], [0.9970947390033952, -2.682621989631701e-09, 0.07617139523306203]], "1": [[0.07617139598969969, -3.679303199594737e-09, -0.997094738945593], [0.997094739373837, -1.0617502526684928e-09, 0.0761713903839254]], "2": [[0.07617139598969969, -3.679303199594737e-09, -0.997094738945593]], "3": [[0.9970947390033952, -2.682621989631701e-09, 0.07617139523306203], [0.07617139861867628, -1.5299404517559238e-09, -0.9970947387447567]], "4": [[0.9970947390033952, -2.682621989631701e-09, 0.07617139523306203]], "5": [[0.07617139861867628, -1.5299404517559238e-09, -0.9970947387447567], [0.997094739373837, -1.0617502526684928e-09, 0.0761713903839254]], "6": [[0.07617139861867628, -1.5299404517559238e-09, -0.9970947387447567]], "7": [[0.997094739373837, -1.0617502526684928e-09, 0.0761713903839254]]}}, {"construction_lines": [[[-0.2938426024074864, 1.1443761110153343, 0.7188384822515755], [-0.2512846672181774, 1.1443761089596605, 0.16174887234885402]], [[-0.2938426020131828, 1.1443761108413188, 0.7188384817850633], [0.26324701041066545, 1.1443761093425036, 0.7613964167417593]], [[0.2632470104219082, 1.1443761092466964, 0.7613964167138931], [0.30580494733684316, 1.144376108391899, 0.20430680356205358]], [[-0.25128466705892655, 1.1443761089779185, 0.16174887187899248], [0.30580494708637357, 1.144376108384705, 0.20430680424210998]], [[0.2632470104127459, 1.1443761093406026, 0.7613964167397126], [0.26324701174455395, 1.4866879186579673, 0.7613964152687539]]], "shape_curves": [], "raw_construction_lines": [[[-0.2937636798620224, 1.123581410944462, 0.7178053745627404], [-0.25136358976364137, 1.1651708090305328, 0.1627819800376892]], [[-0.29570747137069703, 1.1370702190324664, 0.7230940556526184], [0.1854865750670433, 1.1206922747194767, 0.7269615364074707]], [[0.2658330899477005, 1.1334656071662903, 0.7626178431510925], [0.33774838149547576, 1.1446598744392396, 0.16971106588840484]], [[-0.2408662658929825, 1.159085479825735, 0.16774129569530485], [0.31205917507410047, 1.1466828633099795, 0.20417282581329346]], [[0.26166191458702087, 1.1380720067024233, 0.7580215489864349], [0.2410093665122986, 1.4973837900161744, 0.7355202525854111]]], "raw_shape_curves": [], "line_points": [[-0.2938426024074864, 1.1443761110153343, 0.7188384822515755], [-0.2512846672181774, 1.1443761089596605, 0.16174887234885402], [-0.27256363481283186, 1.1443761099874974, 0.4402936773002148], [0.26324701041066545, 1.1443761093425036, 0.7613964167417593], [-0.015297795801258673, 1.1443761100919112, 0.7401174492634113], [0.30580494733684316, 1.144376108391899, 0.20430680356205358], [0.2845259788793757, 1.1443761088192979, 0.48285161013797334], [0.02726014001372351, 1.1443761086813118, 0.18302783806055123], [0.26324701174455395, 1.4866879186579673, 0.7613964152687539], [0.2632470110786499, 1.315532013999285, 0.7613964160042332]], "line_directions": [[0, 1, 0], [0.07617139598969969, -3.679303199594737e-09, -0.997094738945593], [0.9970947390033952, -2.682621989631701e-09, 0.07617139523306203]], "line_lengths": [0.5587128164890652, 0.3423118093173647], "points_info": {"0": [[0.07617139598969969, -3.679303199594737e-09, -0.997094738945593], [0.9970947390033952, -2.682621989631701e-09, 0.07617139523306203]], "1": [[0.07617139598969969, -3.679303199594737e-09, -0.997094738945593], [0.997094739373837, -1.0617502526684928e-09, 0.0761713903839254]], "2": [[0.07617139598969969, -3.679303199594737e-09, -0.997094738945593]], "3": [[0.9970947390033952, -2.682621989631701e-09, 0.07617139523306203], [0.07617139861867628, -1.5299404517559238e-09, -0.9970947387447567], [3.890628416778914e-09, 1.0, -4.2971310020568085e-09]], "4": [[0.9970947390033952, -2.682621989631701e-09, 0.07617139523306203]], "5": [[0.07617139861867628, -1.5299404517559238e-09, -0.9970947387447567], [0.997094739373837, -1.0617502526684928e-09, 0.0761713903839254]], "6": [[0.07617139861867628, -1.5299404517559238e-09, -0.9970947387447567]], "7": [[0.997094739373837, -1.0617502526684928e-09, 0.0761713903839254]], "8": [[3.890628416778914e-09, 1.0, -4.2971310020568085e-09]], "9": [[3.890628416778914e-09, 1.0, -4.2971310020568085e-09]]}}, {"construction_lines": [[[-0.2938426024074864, 1.1443761110153343, 0.7188384822515755], [-0.2512846672181774, 1.1443761089596605, 0.16174887234885402]], [[-0.2938426020131828, 1.1443761108413188, 0.7188384817850633], [0.26324701041066545, 1.1443761093425036, 0.7613964167417593]], [[0.2632470104219082, 1.1443761092466964, 0.7613964167138931], [0.30580494733684316, 1.144376108391899, 0.20430680356205358]], [[-0.25128466705892655, 1.1443761089779185, 0.16174887187899248], [0.30580494708637357, 1.144376108384705, 0.20430680424210998]], [[0.2632470104127459, 1.1443761093406026, 0.7613964167397126], [0.26324701174455395, 1.4866879186579673, 0.7613964152687539]], [[0.2632470117445531, 1.486687918657965, 0.7613964152687507], [0.30580494651110657, 1.4866879186579538, 0.2043068053337307]]], "shape_curves": [], "raw_construction_lines": [[[-0.2937636798620224, 1.123581410944462, 0.7178053745627404], [-0.25136358976364137, 1.1651708090305328, 0.1627819800376892]], [[-0.29570747137069703, 1.1370702190324664, 0.7230940556526184], [0.1854865750670433, 1.1206922747194767, 0.7269615364074707]], [[0.2658330899477005, 1.1334656071662903, 0.7626178431510925], [0.33774838149547576, 1.1446598744392396, 0.16971106588840484]], [[-0.2408662658929825, 1.159085479825735, 0.16774129569530485], [0.31205917507410047, 1.1466828633099795, 0.20417282581329346]], [[0.26166191458702087, 1.1380720067024233, 0.7580215489864349], [0.2410093665122986, 1.4973837900161744, 0.7355202525854111]], [[0.269451140165329, 1.4863994991779328, 0.7576807698607444], [0.2830773830413818, 1.4376738667488098, 0.1470455628633499]]], "raw_shape_curves": [], "line_points": [[-0.2938426024074864, 1.1443761110153343, 0.7188384822515755], [-0.2512846672181774, 1.1443761089596605, 0.16174887234885402], [-0.27256363481283186, 1.1443761099874974, 0.4402936773002148], [0.26324701041066545, 1.1443761093425036, 0.7613964167417593], [-0.015297795801258673, 1.1443761100919112, 0.7401174492634113], [0.30580494733684316, 1.144376108391899, 0.20430680356205358], [0.2845259788793757, 1.1443761088192979, 0.48285161013797334], [0.02726014001372351, 1.1443761086813118, 0.18302783806055123], [0.26324701174455395, 1.4866879186579673, 0.7613964152687539], [0.2632470110786499, 1.315532013999285, 0.7613964160042332], [0.30580494651110657, 1.4866879186579538, 0.2043068053337307], [0.28452597912782984, 1.4866879186579594, 0.4828516103012407]], "line_directions": [[0, 1, 0], [0.07617139598969969, -3.679303199594737e-09, -0.997094738945593], [0.9970947390033952, -2.682621989631701e-09, 0.07617139523306203]], "line_lengths": [0.5587128164890652, 0.3423118093173647], "points_info": {"0": [[0.07617139598969969, -3.679303199594737e-09, -0.997094738945593], [0.9970947390033952, -2.682621989631701e-09, 0.07617139523306203]], "1": [[0.07617139598969969, -3.679303199594737e-09, -0.997094738945593], [0.997094739373837, -1.0617502526684928e-09, 0.0761713903839254]], "2": [[0.07617139598969969, -3.679303199594737e-09, -0.997094738945593]], "3": [[0.9970947390033952, -2.682621989631701e-09, 0.07617139523306203], [0.07617139861867628, -1.5299404517559238e-09, -0.9970947387447567], [3.890628416778914e-09, 1.0, -4.2971310020568085e-09]], "4": [[0.9970947390033952, -2.682621989631701e-09, 0.07617139523306203]], "5": [[0.07617139861867628, -1.5299404517559238e-09, -0.9970947387447567], [0.997094739373837, -1.0617502526684928e-09, 0.0761713903839254]], "6": [[0.07617139861867628, -1.5299404517559238e-09, -0.9970947387447567]], "7": [[0.997094739373837, -1.0617502526684928e-09, 0.0761713903839254]], "8": [[3.890628416778914e-09, 1.0, -4.2971310020568085e-09], [0.07617139523303947, -1.987108567871701e-14, -0.9970947390033967]], "9": [[3.890628416778914e-09, 1.0, -4.2971310020568085e-09]], "10": [[0.07617139523303947, -1.987108567871701e-14, -0.9970947390033967]], "11": [[0.07617139523303947, -1.987108567871701e-14, -0.9970947390033967]]}}, {"construction_lines": [[[-0.2938426024074864, 1.1443761110153343, 0.7188384822515755], [-0.2512846672181774, 1.1443761089596605, 0.16174887234885402]], [[-0.2938426020131828, 1.1443761108413188, 0.7188384817850633], [0.26324701041066545, 1.1443761093425036, 0.7613964167417593]], [[0.2632470104219082, 1.1443761092466964, 0.7613964167138931], [0.30580494733684316, 1.144376108391899, 0.20430680356205358]], [[-0.25128466705892655, 1.1443761089779185, 0.16174887187899248], [0.30580494708637357, 1.144376108384705, 0.20430680424210998]], [[0.2632470104127459, 1.1443761093406026, 0.7613964167397126], [0.26324701174455395, 1.4866879186579673, 0.7613964152687539]], [[0.2632470117445531, 1.486687918657965, 0.7613964152687507], [0.30580494651110657, 1.4866879186579538, 0.2043068053337307]], [[0.3058049470647573, 1.1443761084705757, 0.20430680446654334], [0.3058049469592573, 1.4866879185193111, 0.20430680460399353]]], "shape_curves": [], "raw_construction_lines": [[[-0.2937636798620224, 1.123581410944462, 0.7178053745627404], [-0.25136358976364137, 1.1651708090305328, 0.1627819800376892]], [[-0.29570747137069703, 1.1370702190324664, 0.7230940556526184], [0.1854865750670433, 1.1206922747194767, 0.7269615364074707]], [[0.2658330899477005, 1.1334656071662903, 0.7626178431510925], [0.33774838149547576, 1.1446598744392396, 0.16971106588840484]], [[-0.2408662658929825, 1.159085479825735, 0.16774129569530485], [0.31205917507410047, 1.1466828633099795, 0.20417282581329346]], [[0.26166191458702087, 1.1380720067024233, 0.7580215489864349], [0.2410093665122986, 1.4973837900161744, 0.7355202525854111]], [[0.269451140165329, 1.4863994991779328, 0.7576807698607444], [0.2830773830413818, 1.4376738667488098, 0.1470455628633499]], [[0.3065706741809845, 1.1373862716555596, 0.19592380464076997], [0.3084544038772583, 1.4828594970703124, 0.18559356451034545]]], "raw_shape_curves": [], "line_points": [[-0.2938426024074864, 1.1443761110153343, 0.7188384822515755], [-0.2512846672181774, 1.1443761089596605, 0.16174887234885402], [-0.27256363481283186, 1.1443761099874974, 0.4402936773002148], [0.26324701041066545, 1.1443761093425036, 0.7613964167417593], [-0.015297795801258673, 1.1443761100919112, 0.7401174492634113], [0.30580494733684316, 1.144376108391899, 0.20430680356205358], [0.2845259788793757, 1.1443761088192979, 0.48285161013797334], [0.02726014001372351, 1.1443761086813118, 0.18302783806055123], [0.26324701174455395, 1.4866879186579673, 0.7613964152687539], [0.2632470110786499, 1.315532013999285, 0.7613964160042332], [0.30580494651110657, 1.4866879186579538, 0.2043068053337307], [0.28452597912782984, 1.4866879186579594, 0.4828516103012407], [0.30580494701200733, 1.3155320134949435, 0.20430680453526845]], "line_directions": [[0, 1, 0], [0.07617139598969969, -3.679303199594737e-09, -0.997094738945593], [0.9970947390033952, -2.682621989631701e-09, 0.07617139523306203]], "line_lengths": [0.5587128164890652, 0.3423118093173647], "points_info": {"0": [[0.07617139598969969, -3.679303199594737e-09, -0.997094738945593], [0.9970947390033952, -2.682621989631701e-09, 0.07617139523306203]], "1": [[0.07617139598969969, -3.679303199594737e-09, -0.997094738945593], [0.997094739373837, -1.0617502526684928e-09, 0.0761713903839254]], "2": [[0.07617139598969969, -3.679303199594737e-09, -0.997094738945593]], "3": [[0.9970947390033952, -2.682621989631701e-09, 0.07617139523306203], [0.07617139861867628, -1.5299404517559238e-09, -0.9970947387447567], [3.890628416778914e-09, 1.0, -4.2971310020568085e-09]], "4": [[0.9970947390033952, -2.682621989631701e-09, 0.07617139523306203]], "5": [[0.07617139861867628, -1.5299404517559238e-09, -0.9970947387447567], [0.997094739373837, -1.0617502526684928e-09, 0.0761713903839254], [-3.081985328284721e-10, 1.0, 4.0153505103724573e-10]], "6": [[0.07617139861867628, -1.5299404517559238e-09, -0.9970947387447567]], "7": [[0.997094739373837, -1.0617502526684928e-09, 0.0761713903839254]], "8": [[3.890628416778914e-09, 1.0, -4.2971310020568085e-09], [0.07617139523303947, -1.987108567871701e-14, -0.9970947390033967]], "9": [[3.890628416778914e-09, 1.0, -4.2971310020568085e-09]], "10": [[0.07617139523303947, -1.987108567871701e-14, -0.9970947390033967], [-3.081985328284721e-10, 1.0, 4.0153505103724573e-10]], "11": [[0.07617139523303947, -1.987108567871701e-14, -0.9970947390033967]], "12": [[-3.081985328284721e-10, 1.0, 4.0153505103724573e-10]]}}, {"construction_lines": [[[-0.2938426024074864, 1.1443761110153343, 0.7188384822515755], [-0.2512846672181774, 1.1443761089596605, 0.16174887234885402]], [[-0.2938426020131828, 1.1443761108413188, 0.7188384817850633], [0.26324701041066545, 1.1443761093425036, 0.7613964167417593]], [[0.2632470104219082, 1.1443761092466964, 0.7613964167138931], [0.30580494733684316, 1.144376108391899, 0.20430680356205358]], [[-0.25128466705892655, 1.1443761089779185, 0.16174887187899248], [0.30580494708637357, 1.144376108384705, 0.20430680424210998]], [[0.2632470104127459, 1.1443761093406026, 0.7613964167397126], [0.26324701174455395, 1.4866879186579673, 0.7613964152687539]], [[0.2632470117445531, 1.486687918657965, 0.7613964152687507], [0.30580494651110657, 1.4866879186579538, 0.2043068053337307]], [[0.3058049470647573, 1.1443761084705757, 0.20430680446654334], [0.3058049469592573, 1.4866879185193111, 0.20430680460399353]], [[-0.29384260234985987, 1.1443761117187947, 0.7188384820103988], [-0.2938426012634153, 1.4866879241134954, 0.718838480834142]]], "shape_curves": [], "raw_construction_lines": [[[-0.2937636798620224, 1.123581410944462, 0.7178053745627404], [-0.25136358976364137, 1.1651708090305328, 0.1627819800376892]], [[-0.29570747137069703, 1.1370702190324664, 0.7230940556526184], [0.1854865750670433, 1.1206922747194767, 0.7269615364074707]], [[0.2658330899477005, 1.1334656071662903, 0.7626178431510925], [0.33774838149547576, 1.1446598744392396, 0.16971106588840484]], [[-0.2408662658929825, 1.159085479825735, 0.16774129569530485], [0.31205917507410047, 1.1466828633099795, 0.20417282581329346]], [[0.26166191458702087, 1.1380720067024233, 0.7580215489864349], [0.2410093665122986, 1.4973837900161744, 0.7355202525854111]], [[0.269451140165329, 1.4863994991779328, 0.7576807698607444], [0.2830773830413818, 1.4376738667488098, 0.1470455628633499]], [[0.3065706741809845, 1.1373862716555596, 0.19592380464076997], [0.3084544038772583, 1.4828594970703124, 0.18559356451034545]], [[-0.2843490642309189, 1.1426798671483993, 0.7242168337106705], [-0.3177792859077454, 1.5363374745845795, 0.709501078426838]]], "raw_shape_curves": [], "line_points": [[-0.2938426024074864, 1.1443761110153343, 0.7188384822515755], [-0.2512846672181774, 1.1443761089596605, 0.16174887234885402], [-0.27256363481283186, 1.1443761099874974, 0.4402936773002148], [0.26324701041066545, 1.1443761093425036, 0.7613964167417593], [-0.015297795801258673, 1.1443761100919112, 0.7401174492634113], [0.30580494733684316, 1.144376108391899, 0.20430680356205358], [0.2845259788793757, 1.1443761088192979, 0.48285161013797334], [0.02726014001372351, 1.1443761086813118, 0.18302783806055123], [0.26324701174455395, 1.4866879186579673, 0.7613964152687539], [0.2632470110786499, 1.315532013999285, 0.7613964160042332], [0.30580494651110657, 1.4866879186579538, 0.2043068053337307], [0.28452597912782984, 1.4866879186579594, 0.4828516103012407], [0.30580494701200733, 1.3155320134949435, 0.20430680453526845], [-0.2938426012634153, 1.4866879241134954, 0.718838480834142], [-0.29384260180663757, 1.3155320179161452, 0.7188384814222704]], "line_directions": [[0, 1, 0], [0.07617139598969969, -3.679303199594737e-09, -0.997094738945593], [0.9970947390033952, -2.682621989631701e-09, 0.07617139523306203]], "line_lengths": [0.5587128164890652, 0.3423118093173647], "points_info": {"0": [[0.07617139598969969, -3.679303199594737e-09, -0.997094738945593], [0.9970947390033952, -2.682621989631701e-09, 0.07617139523306203], [3.1738447406739577e-09, 1.0, -3.4362143404658007e-09]], "1": [[0.07617139598969969, -3.679303199594737e-09, -0.997094738945593], [0.997094739373837, -1.0617502526684928e-09, 0.0761713903839254]], "2": [[0.07617139598969969, -3.679303199594737e-09, -0.997094738945593]], "3": [[0.9970947390033952, -2.682621989631701e-09, 0.07617139523306203], [0.07617139861867628, -1.5299404517559238e-09, -0.9970947387447567], [3.890628416778914e-09, 1.0, -4.2971310020568085e-09]], "4": [[0.9970947390033952, -2.682621989631701e-09, 0.07617139523306203]], "5": [[0.07617139861867628, -1.5299404517559238e-09, -0.9970947387447567], [0.997094739373837, -1.0617502526684928e-09, 0.0761713903839254], [-3.081985328284721e-10, 1.0, 4.0153505103724573e-10]], "6": [[0.07617139861867628, -1.5299404517559238e-09, -0.9970947387447567]], "7": [[0.997094739373837, -1.0617502526684928e-09, 0.0761713903839254]], "8": [[3.890628416778914e-09, 1.0, -4.2971310020568085e-09], [0.07617139523303947, -1.987108567871701e-14, -0.9970947390033967]], "9": [[3.890628416778914e-09, 1.0, -4.2971310020568085e-09]], "10": [[0.07617139523303947, -1.987108567871701e-14, -0.9970947390033967], [-3.081985328284721e-10, 1.0, 4.0153505103724573e-10]], "11": [[0.07617139523303947, -1.987108567871701e-14, -0.9970947390033967]], "12": [[-3.081985328284721e-10, 1.0, 4.0153505103724573e-10]], "13": [[3.1738447406739577e-09, 1.0, -3.4362143404658007e-09]], "14": [[3.1738447406739577e-09, 1.0, -3.4362143404658007e-09]]}}, {"construction_lines": [[[-0.2938426024074864, 1.1443761110153343, 0.7188384822515755], [-0.2512846672181774, 1.1443761089596605, 0.16174887234885402]], [[-0.2938426020131828, 1.1443761108413188, 0.7188384817850633], [0.26324701041066545, 1.1443761093425036, 0.7613964167417593]], [[0.2632470104219082, 1.1443761092466964, 0.7613964167138931], [0.30580494733684316, 1.144376108391899, 0.20430680356205358]], [[-0.25128466705892655, 1.1443761089779185, 0.16174887187899248], [0.30580494708637357, 1.144376108384705, 0.20430680424210998]], [[0.2632470104127459, 1.1443761093406026, 0.7613964167397126], [0.26324701174455395, 1.4866879186579673, 0.7613964152687539]], [[0.2632470117445531, 1.486687918657965, 0.7613964152687507], [0.30580494651110657, 1.4866879186579538, 0.2043068053337307]], [[0.3058049470647573, 1.1443761084705757, 0.20430680446654334], [0.3058049469592573, 1.4866879185193111, 0.20430680460399353]], [[-0.29384260234985987, 1.1443761117187947, 0.7188384820103988], [-0.2938426012634153, 1.4866879241134954, 0.718838480834142]], [[0.2632470116362864, 1.486687919052575, 0.7613964154870887], [-0.29384260112937177, 1.4866879234043247, 0.718838480959936]]], "shape_curves": [], "raw_construction_lines": [[[-0.2937636798620224, 1.123581410944462, 0.7178053745627404], [-0.25136358976364137, 1.1651708090305328, 0.1627819800376892]], [[-0.29570747137069703, 1.1370702190324664, 0.7230940556526184], [0.1854865750670433, 1.1206922747194767, 0.7269615364074707]], [[0.2658330899477005, 1.1334656071662903, 0.7626178431510925], [0.33774838149547576, 1.1446598744392396, 0.16971106588840484]], [[-0.2408662658929825, 1.159085479825735, 0.16774129569530485], [0.31205917507410047, 1.1466828633099795, 0.20417282581329346]], [[0.26166191458702087, 1.1380720067024233, 0.7580215489864349], [0.2410093665122986, 1.4973837900161744, 0.7355202525854111]], [[0.269451140165329, 1.4863994991779328, 0.7576807698607444], [0.2830773830413818, 1.4376738667488098, 0.1470455628633499]], [[0.3065706741809845, 1.1373862716555596, 0.19592380464076997], [0.3084544038772583, 1.4828594970703124, 0.18559356451034545]], [[-0.2843490642309189, 1.1426798671483993, 0.7242168337106705], [-0.3177792859077454, 1.5363374745845795, 0.709501078426838]], [[0.2629408663511276, 1.4852163541316985, 0.7472420358657836], [-0.29378671884536744, 1.4754950404167175, 0.721925231218338]]], "raw_shape_curves": [], "line_points": [[-0.2938426024074864, 1.1443761110153343, 0.7188384822515755], [-0.2512846672181774, 1.1443761089596605, 0.16174887234885402], [-0.27256363481283186, 1.1443761099874974, 0.4402936773002148], [0.26324701041066545, 1.1443761093425036, 0.7613964167417593], [-0.015297795801258673, 1.1443761100919112, 0.7401174492634113], [0.30580494733684316, 1.144376108391899, 0.20430680356205358], [0.2845259788793757, 1.1443761088192979, 0.48285161013797334], [0.02726014001372351, 1.1443761086813118, 0.18302783806055123], [0.26324701174455395, 1.4866879186579673, 0.7613964152687539], [0.2632470110786499, 1.315532013999285, 0.7613964160042332], [0.30580494651110657, 1.4866879186579538, 0.2043068053337307], [0.28452597912782984, 1.4866879186579594, 0.4828516103012407], [0.30580494701200733, 1.3155320134949435, 0.20430680453526845], [-0.2938426012634153, 1.4866879241134954, 0.718838480834142], [-0.29384260180663757, 1.3155320179161452, 0.7188384814222704], [-0.015297794746542692, 1.4866879212284498, 0.7401174482235123]], "line_directions": [[0, 1, 0], [0.07617139598969969, -3.679303199594737e-09, -0.997094738945593], [0.9970947390033952, -2.682621989631701e-09, 0.07617139523306203]], "line_lengths": [0.5587128164890652, 0.3423118093173647], "points_info": {"0": [[0.07617139598969969, -3.679303199594737e-09, -0.997094738945593], [0.9970947390033952, -2.682621989631701e-09, 0.07617139523306203], [3.1738447406739577e-09, 1.0, -3.4362143404658007e-09]], "1": [[0.07617139598969969, -3.679303199594737e-09, -0.997094738945593], [0.997094739373837, -1.0617502526684928e-09, 0.0761713903839254]], "2": [[0.07617139598969969, -3.679303199594737e-09, -0.997094738945593]], "3": [[0.9970947390033952, -2.682621989631701e-09, 0.07617139523306203], [0.07617139861867628, -1.5299404517559238e-09, -0.9970947387447567], [3.890628416778914e-09, 1.0, -4.2971310020568085e-09]], "4": [[0.9970947390033952, -2.682621989631701e-09, 0.07617139523306203]], "5": [[0.07617139861867628, -1.5299404517559238e-09, -0.9970947387447567], [0.997094739373837, -1.0617502526684928e-09, 0.0761713903839254], [-3.081985328284721e-10, 1.0, 4.0153505103724573e-10]], "6": [[0.07617139861867628, -1.5299404517559238e-09, -0.9970947387447567]], "7": [[0.997094739373837, -1.0617502526684928e-09, 0.0761713903839254]], "8": [[3.890628416778914e-09, 1.0, -4.2971310020568085e-09], [0.07617139523303947, -1.987108567871701e-14, -0.9970947390033967], [-0.9970947390653359, 7.788884516419422e-09, -0.07617139442224916]], "9": [[3.890628416778914e-09, 1.0, -4.2971310020568085e-09]], "10": [[0.07617139523303947, -1.987108567871701e-14, -0.9970947390033967], [-3.081985328284721e-10, 1.0, 4.0153505103724573e-10]], "11": [[0.07617139523303947, -1.987108567871701e-14, -0.9970947390033967]], "12": [[-3.081985328284721e-10, 1.0, 4.0153505103724573e-10]], "13": [[3.1738447406739577e-09, 1.0, -3.4362143404658007e-09], [-0.9970947390653359, 7.788884516419422e-09, -0.07617139442224916]], "14": [[3.1738447406739577e-09, 1.0, -3.4362143404658007e-09]], "15": [[-0.9970947390653359, 7.788884516419422e-09, -0.07617139442224916]]}}, {"construction_lines": [[[-0.2938426024074864, 1.1443761110153343, 0.7188384822515755], [-0.2512846672181774, 1.1443761089596605, 0.16174887234885402]], [[-0.2938426020131828, 1.1443761108413188, 0.7188384817850633], [0.26324701041066545, 1.1443761093425036, 0.7613964167417593]], [[0.2632470104219082, 1.1443761092466964, 0.7613964167138931], [0.30580494733684316, 1.144376108391899, 0.20430680356205358]], [[-0.25128466705892655, 1.1443761089779185, 0.16174887187899248], [0.30580494708637357, 1.144376108384705, 0.20430680424210998]], [[0.2632470104127459, 1.1443761093406026, 0.7613964167397126], [0.26324701174455395, 1.4866879186579673, 0.7613964152687539]], [[0.2632470117445531, 1.486687918657965, 0.7613964152687507], [0.30580494651110657, 1.4866879186579538, 0.2043068053337307]], [[0.3058049470647573, 1.1443761084705757, 0.20430680446654334], [0.3058049469592573, 1.4866879185193111, 0.20430680460399353]], [[-0.29384260234985987, 1.1443761117187947, 0.7188384820103988], [-0.2938426012634153, 1.4866879241134954, 0.718838480834142]], [[0.2632470116362864, 1.486687919052575, 0.7613964154870887], [-0.29384260112937177, 1.4866879234043247, 0.718838480959936]], [[-0.2512846672244493, 1.1443761089124467, 0.16174887233751614], [-0.25128466578470854, 1.4866879184278725, 0.16174887071917676]]], "shape_curves": [], "raw_construction_lines": [[[-0.2937636798620224, 1.123581410944462, 0.7178053745627404], [-0.25136358976364137, 1.1651708090305328, 0.1627819800376892]], [[-0.29570747137069703, 1.1370702190324664, 0.7230940556526184], [0.1854865750670433, 1.1206922747194767, 0.7269615364074707]], [[0.2658330899477005, 1.1334656071662903, 0.7626178431510925], [0.33774838149547576, 1.1446598744392396, 0.16971106588840484]], [[-0.2408662658929825, 1.159085479825735, 0.16774129569530485], [0.31205917507410047, 1.1466828633099795, 0.20417282581329346]], [[0.26166191458702087, 1.1380720067024233, 0.7580215489864349], [0.2410093665122986, 1.4973837900161744, 0.7355202525854111]], [[0.269451140165329, 1.4863994991779328, 0.7576807698607444], [0.2830773830413818, 1.4376738667488098, 0.1470455628633499]], [[0.3065706741809845, 1.1373862716555596, 0.19592380464076997], [0.3084544038772583, 1.4828594970703124, 0.18559356451034545]], [[-0.2843490642309189, 1.1426798671483993, 0.7242168337106705], [-0.3177792859077454, 1.5363374745845795, 0.709501078426838]], [[0.2629408663511276, 1.4852163541316985, 0.7472420358657836], [-0.29378671884536744, 1.4754950404167175, 0.721925231218338]], [[-0.24585413694381714, 1.1355209080129862, 0.15727140069007872], [-0.26410197317600254, 1.4684018468856812, 0.14541370034217835]]], "raw_shape_curves": [], "line_points": [[-0.2938426024074864, 1.1443761110153343, 0.7188384822515755], [-0.2512846672181774, 1.1443761089596605, 0.16174887234885402], [-0.27256363481283186, 1.1443761099874974, 0.4402936773002148], [0.26324701041066545, 1.1443761093425036, 0.7613964167417593], [-0.015297795801258673, 1.1443761100919112, 0.7401174492634113], [0.30580494733684316, 1.144376108391899, 0.20430680356205358], [0.2845259788793757, 1.1443761088192979, 0.48285161013797334], [0.02726014001372351, 1.1443761086813118, 0.18302783806055123], [0.26324701174455395, 1.4866879186579673, 0.7613964152687539], [0.2632470110786499, 1.315532013999285, 0.7613964160042332], [0.30580494651110657, 1.4866879186579538, 0.2043068053337307], [0.28452597912782984, 1.4866879186579594, 0.4828516103012407], [0.30580494701200733, 1.3155320134949435, 0.20430680453526845], [-0.2938426012634153, 1.4866879241134954, 0.718838480834142], [-0.29384260180663757, 1.3155320179161452, 0.7188384814222704], [-0.015297794746542692, 1.4866879212284498, 0.7401174482235123], [-0.25128466578470854, 1.4866879184278725, 0.16174887071917676], [-0.2512846665045789, 1.3155320136701596, 0.16174887152834644]], "line_directions": [[0, 1, 0], [0.07617139598969969, -3.679303199594737e-09, -0.997094738945593], [0.9970947390033952, -2.682621989631701e-09, 0.07617139523306203]], "line_lengths": [0.5587128164890652, 0.3423118093173647], "points_info": {"0": [[0.07617139598969969, -3.679303199594737e-09, -0.997094738945593], [0.9970947390033952, -2.682621989631701e-09, 0.07617139523306203], [3.1738447406739577e-09, 1.0, -3.4362143404658007e-09]], "1": [[0.07617139598969969, -3.679303199594737e-09, -0.997094738945593], [0.997094739373837, -1.0617502526684928e-09, 0.0761713903839254], [4.20593368685021e-09, 1.0, -4.727676154273934e-09]], "2": [[0.07617139598969969, -3.679303199594737e-09, -0.997094738945593]], "3": [[0.9970947390033952, -2.682621989631701e-09, 0.07617139523306203], [0.07617139861867628, -1.5299404517559238e-09, -0.9970947387447567], [3.890628416778914e-09, 1.0, -4.2971310020568085e-09]], "4": [[0.9970947390033952, -2.682621989631701e-09, 0.07617139523306203]], "5": [[0.07617139861867628, -1.5299404517559238e-09, -0.9970947387447567], [0.997094739373837, -1.0617502526684928e-09, 0.0761713903839254], [-3.081985328284721e-10, 1.0, 4.0153505103724573e-10]], "6": [[0.07617139861867628, -1.5299404517559238e-09, -0.9970947387447567]], "7": [[0.997094739373837, -1.0617502526684928e-09, 0.0761713903839254]], "8": [[3.890628416778914e-09, 1.0, -4.2971310020568085e-09], [0.07617139523303947, -1.987108567871701e-14, -0.9970947390033967], [-0.9970947390653359, 7.788884516419422e-09, -0.07617139442224916]], "9": [[3.890628416778914e-09, 1.0, -4.2971310020568085e-09]], "10": [[0.07617139523303947, -1.987108567871701e-14, -0.9970947390033967], [-3.081985328284721e-10, 1.0, 4.0153505103724573e-10]], "11": [[0.07617139523303947, -1.987108567871701e-14, -0.9970947390033967]], "12": [[-3.081985328284721e-10, 1.0, 4.0153505103724573e-10]], "13": [[3.1738447406739577e-09, 1.0, -3.4362143404658007e-09], [-0.9970947390653359, 7.788884516419422e-09, -0.07617139442224916]], "14": [[3.1738447406739577e-09, 1.0, -3.4362143404658007e-09]], "15": [[-0.9970947390653359, 7.788884516419422e-09, -0.07617139442224916]], "16": [[4.20593368685021e-09, 1.0, -4.727676154273934e-09]], "17": [[4.20593368685021e-09, 1.0, -4.727676154273934e-09]]}}, {"construction_lines": [[[-0.2938426024074864, 1.1443761110153343, 0.7188384822515755], [-0.2512846672181774, 1.1443761089596605, 0.16174887234885402]], [[-0.2938426020131828, 1.1443761108413188, 0.7188384817850633], [0.26324701041066545, 1.1443761093425036, 0.7613964167417593]], [[0.2632470104219082, 1.1443761092466964, 0.7613964167138931], [0.30580494733684316, 1.144376108391899, 0.20430680356205358]], [[-0.25128466705892655, 1.1443761089779185, 0.16174887187899248], [0.30580494708637357, 1.144376108384705, 0.20430680424210998]], [[0.2632470104127459, 1.1443761093406026, 0.7613964167397126], [0.26324701174455395, 1.4866879186579673, 0.7613964152687539]], [[0.2632470117445531, 1.486687918657965, 0.7613964152687507], [0.30580494651110657, 1.4866879186579538, 0.2043068053337307]], [[0.3058049470647573, 1.1443761084705757, 0.20430680446654334], [0.3058049469592573, 1.4866879185193111, 0.20430680460399353]], [[-0.29384260234985987, 1.1443761117187947, 0.7188384820103988], [-0.2938426012634153, 1.4866879241134954, 0.718838480834142]], [[0.2632470116362864, 1.486687919052575, 0.7613964154870887], [-0.29384260112937177, 1.4866879234043247, 0.718838480959936]], [[-0.2512846672244493, 1.1443761089124467, 0.16174887233751614], [-0.25128466578470854, 1.4866879184278725, 0.16174887071917676]], [[-0.2938426015462971, 1.4866879229870802, 0.718838480620787], [-0.2512846654806462, 1.4866879196783607, 0.1617488710012444]]], "shape_curves": [], "raw_construction_lines": [[[-0.2937636798620224, 1.123581410944462, 0.7178053745627404], [-0.25136358976364137, 1.1651708090305328, 0.1627819800376892]], [[-0.29570747137069703, 1.1370702190324664, 0.7230940556526184], [0.1854865750670433, 1.1206922747194767, 0.7269615364074707]], [[0.2658330899477005, 1.1334656071662903, 0.7626178431510925], [0.33774838149547576, 1.1446598744392396, 0.16971106588840484]], [[-0.2408662658929825, 1.159085479825735, 0.16774129569530485], [0.31205917507410047, 1.1466828633099795, 0.20417282581329346]], [[0.26166191458702087, 1.1380720067024233, 0.7580215489864349], [0.2410093665122986, 1.4973837900161744, 0.7355202525854111]], [[0.269451140165329, 1.4863994991779328, 0.7576807698607444], [0.2830773830413818, 1.4376738667488098, 0.1470455628633499]], [[0.3065706741809845, 1.1373862716555596, 0.19592380464076997], [0.3084544038772583, 1.4828594970703124, 0.18559356451034545]], [[-0.2843490642309189, 1.1426798671483993, 0.7242168337106705], [-0.3177792859077454, 1.5363374745845795, 0.709501078426838]], [[0.2629408663511276, 1.4852163541316985, 0.7472420358657836], [-0.29378671884536744, 1.4754950404167175, 0.721925231218338]], [[-0.24585413694381714, 1.1355209080129862, 0.15727140069007872], [-0.26410197317600254, 1.4684018468856812, 0.14541370034217835]], [[-0.28979835629463196, 1.4876047563552857, 0.7192726579308509], [-0.2505004930496216, 1.4891995549201964, 0.15838183999061584]]], "raw_shape_curves": [], "line_points": [[-0.2938426024074864, 1.1443761110153343, 0.7188384822515755], [-0.2512846672181774, 1.1443761089596605, 0.16174887234885402], [-0.27256363481283186, 1.1443761099874974, 0.4402936773002148], [0.26324701041066545, 1.1443761093425036, 0.7613964167417593], [-0.015297795801258673, 1.1443761100919112, 0.7401174492634113], [0.30580494733684316, 1.144376108391899, 0.20430680356205358], [0.2845259788793757, 1.1443761088192979, 0.48285161013797334], [0.02726014001372351, 1.1443761086813118, 0.18302783806055123], [0.26324701174455395, 1.4866879186579673, 0.7613964152687539], [0.2632470110786499, 1.315532013999285, 0.7613964160042332], [0.30580494651110657, 1.4866879186579538, 0.2043068053337307], [0.28452597912782984, 1.4866879186579594, 0.4828516103012407], [0.30580494701200733, 1.3155320134949435, 0.20430680453526845], [-0.2938426012634153, 1.4866879241134954, 0.718838480834142], [-0.29384260180663757, 1.3155320179161452, 0.7188384814222704], [-0.015297794746542692, 1.4866879212284498, 0.7401174482235123], [-0.25128466578470854, 1.4866879184278725, 0.16174887071917676], [-0.2512846665045789, 1.3155320136701596, 0.16174887152834644], [-0.2725636335134717, 1.4866879213327204, 0.44029367581101575]], "line_directions": [[0, 1, 0], [0