[{"construction_lines": [], "shape_curves": [], "raw_construction_lines": [], "raw_shape_curves": [], "line_points": [], "line_directions": [[0, 1, 0]], "line_lengths": [], "points_info": {}}, {"construction_lines": [[[-0.21932321155569548, 1.0040314894922473, -0.37694307601671667], [0.15670975649855132, 1.004031489490678, -0.3952779992796853]]], "shape_curves": [], "raw_construction_lines": [[[-0.22032581388950348, 1.010882099866867, -0.3768941903114319], [0.15771235883235932, 0.9971808791160583, -0.3953268849849701]]], "raw_shape_curves": [], "line_points": [[-0.21932321155569548, 1.0040314894922473, -0.37694307601671667], [0.15670975649855132, 1.004031489490678, -0.3952779992796853], [-0.03130672752857208, 1.0040314894914628, -0.386110537648201]], "line_directions": [[0, 1, 0], [0.9988134041671284, -4.16805802353502e-12, -0.04870096155182574]], "line_lengths": [0.3764796972942169], "points_info": {"0": [[0.9988134041671284, -4.16805802353502e-12, -0.04870096155182574]], "1": [[0.9988134041671284, -4.16805802353502e-12, -0.04870096155182574]], "2": [[0.9988134041671284, -4.16805802353502e-12, -0.04870096155182574]]}}, {"construction_lines": [[[-0.21932321155569548, 1.0040314894922473, -0.37694307601671667], [0.15670975649855132, 1.004031489490678, -0.3952779992796853]], [[0.15670975537201748, 1.0040314897027618, -0.39527799928392465], [0.1696619019892997, 1.0040314899693685, -0.12964097978961694]]], "shape_curves": [], "raw_construction_lines": [[[-0.22032581388950348, 1.010882099866867, -0.3768941903114319], [0.15771235883235932, 0.9971808791160583, -0.3953268849849701]], [[0.15505021408200265, 1.000136559009552, -0.3973037528991699], [0.16488594740629195, 0.9882299393415451, -0.12986478805541993]]], "raw_shape_curves": [], "line_points": [[-0.21932321155569548, 1.0040314894922473, -0.37694307601671667], [0.15670975649855132, 1.004031489490678, -0.3952779992796853], [-0.03130672752857208, 1.0040314894914628, -0.386110537648201], [0.1696619019892997, 1.0040314899693685, -0.12964097978961694], [0.1631858286806586, 1.0040314898360652, -0.2624594895367708]], "line_directions": [[0, 1, 0], [0.9988134041671284, -4.16805802353502e-12, -0.04870096155182574], [0.0487009592269006, 1.0024596074064746e-09, 0.9988134042804891]], "line_lengths": [0.3764796972942169, 0.26595259770834123], "points_info": {"0": [[0.9988134041671284, -4.16805802353502e-12, -0.04870096155182574]], "1": [[0.9988134041671284, -4.16805802353502e-12, -0.04870096155182574], [0.0487009592269006, 1.0024596074064746e-09, 0.9988134042804891]], "2": [[0.9988134041671284, -4.16805802353502e-12, -0.04870096155182574]], "3": [[0.0487009592269006, 1.0024596074064746e-09, 0.9988134042804891]], "4": [[0.0487009592269006, 1.0024596074064746e-09, 0.9988134042804891]]}}, {"construction_lines": [[[-0.21932321155569548, 1.0040314894922473, -0.37694307601671667], [0.15670975649855132, 1.004031489490678, -0.3952779992796853]], [[0.15670975537201748, 1.0040314897027618, -0.39527799928392465], [0.1696619019892997, 1.0040314899693685, -0.12964097978961694]], [[0.16966190196623634, 1.0040314899930043, -0.12964097990562456], [-0.20637106685872642, 1.0040314901428444, -0.11130605763111993]]], "shape_curves": [], "raw_construction_lines": [[[-0.22032581388950348, 1.010882099866867, -0.3768941903114319], [0.15771235883235932, 0.9971808791160583, -0.3953268849849701]], [[0.15505021408200265, 1.000136559009552, -0.3973037528991699], [0.16488594740629195, 0.9882299393415451, -0.12986478805541993]], [[0.1580078798532486, 0.9986129212379454, -0.1311943557858467], [-0.20083114445209505, 0.9964119768142701, -0.12078533858060837]]], "raw_shape_curves": [], "line_points": [[-0.21932321155569548, 1.0040314894922473, -0.37694307601671667], [0.15670975649855132, 1.004031489490678, -0.3952779992796853], [-0.03130672752857208, 1.0040314894914628, -0.386110537648201], [0.1696619019892997, 1.0040314899693685, -0.12964097978961694], [0.1631858286806586, 1.0040314898360652, -0.2624594895367708], [-0.20637106685872642, 1.0040314901428444, -0.11130605763111993], [-0.018354582446245035, 1.0040314900679244, -0.12047351876837226]], "line_directions": [[0, 1, 0], [0.9988134041671284, -4.16805802353502e-12, -0.04870096155182574], [0.0487009592269006, 1.0024596074064746e-09, 0.9988134042804891]], "line_lengths": [0.3764796972942169, 0.26595259770834123], "points_info": {"0": [[0.9988134041671284, -4.16805802353502e-12, -0.04870096155182574]], "1": [[0.9988134041671284, -4.16805802353502e-12, -0.04870096155182574], [0.0487009592269006, 1.0024596074064746e-09, 0.9988134042804891]], "2": [[0.9988134041671284, -4.16805802353502e-12, -0.04870096155182574]], "3": [[0.0487009592269006, 1.0024596074064746e-09, 0.9988134042804891], [-0.9988134042996987, 3.980032418353398e-10, 0.04870095883292837]], "4": [[0.0487009592269006, 1.0024596074064746e-09, 0.9988134042804891]], "5": [[-0.9988134042996987, 3.980032418353398e-10, 0.04870095883292837]], "6": [[-0.9988134042996987, 3.980032418353398e-10, 0.04870095883292837]]}}, {"construction_lines": [[[-0.21932321155569548, 1.0040314894922473, -0.37694307601671667], [0.15670975649855132, 1.004031489490678, -0.3952779992796853]], [[0.15670975537201748, 1.0040314897027618, -0.39527799928392465], [0.1696619019892997, 1.0040314899693685, -0.12964097978961694]], [[0.16966190196623634, 1.0040314899930043, -0.12964097990562456], [-0.20637106685872642, 1.0040314901428444, -0.11130605763111993]], [[-0.20637106585660633, 1.004031490008021, -0.11130605757755213], [-0.21932321222627926, 1.004031489852527, -0.3769430762319816]]], "shape_curves": [], "raw_construction_lines": [[[-0.22032581388950348, 1.010882099866867, -0.3768941903114319], [0.15771235883235932, 0.9971808791160583, -0.3953268849849701]], [[0.15505021408200265, 1.000136559009552, -0.3973037528991699], [0.16488594740629195, 0.9882299393415451, -0.12986478805541993]], [[0.1580078798532486, 0.9986129212379454, -0.1311943557858467], [-0.20083114445209505, 0.9964119768142701, -0.12078533858060837]], [[-0.20536157190799714, 0.999236382842064, -0.11847219198942185], [-0.21920798361301422, 1.0069619542360306, -0.3718426823616028]]], "raw_shape_curves": [], "line_points": [[-0.21932321155569548, 1.0040314894922473, -0.37694307601671667], [0.15670975649855132, 1.004031489490678, -0.3952779992796853], [-0.03130672752857208, 1.0040314894914628, -0.386110537648201], [0.1696619019892997, 1.0040314899693685, -0.12964097978961694], [0.1631858286806586, 1.0040314898360652, -0.2624594895367708], [-0.20637106685872642, 1.0040314901428444, -0.11130605763111993], [-0.018354582446245035, 1.0040314900679244, -0.12047351876837226], [-0.2128471390414428, 1.004031489930274, -0.24412456690476686]], "line_directions": [[0, 1, 0], [0.9988134041671284, -4.16805802353502e-12, -0.04870096155182574], [0.0487009592269006, 1.0024596074064746e-09, 0.9988134042804891]], "line_lengths": [0.3764796972942169, 0.26595259770834123], "points_info": {"0": [[0.9988134041671284, -4.16805802353502e-12, -0.04870096155182574], [-0.048700958451695996, -5.846675003872361e-10, -0.9988134043182872]], "1": [[0.9988134041671284, -4.16805802353502e-12, -0.04870096155182574], [0.0487009592269006, 1.0024596074064746e-09, 0.9988134042804891]], "2": [[0.9988134041671284, -4.16805802353502e-12, -0.04870096155182574]], "3": [[0.0487009592269006, 1.0024596074064746e-09, 0.9988134042804891], [-0.9988134042996987, 3.980032418353398e-10, 0.04870095883292837]], "4": [[0.0487009592269006, 1.0024596074064746e-09, 0.9988134042804891]], "5": [[-0.9988134042996987, 3.980032418353398e-10, 0.04870095883292837], [-0.048700958451695996, -5.846675003872361e-10, -0.9988134043182872]], "6": [[-0.9988134042996987, 3.980032418353398e-10, 0.04870095883292837]], "7": [[-0.048700958451695996, -5.846675003872361e-10, -0.9988134043182872]]}}, {"construction_lines": [[[-0.21932321155569548, 1.0040314894922473, -0.37694307601671667], [0.15670975649855132, 1.004031489490678, -0.3952779992796853]], [[0.15670975537201748, 1.0040314897027618, -0.39527799928392465], [0.1696619019892997, 1.0040314899693685, -0.12964097978961694]], [[0.16966190196623634, 1.0040314899930043, -0.12964097990562456], [-0.20637106685872642, 1.0040314901428444, -0.11130605763111993]], [[-0.20637106585660633, 1.004031490008021, -0.11130605757755213], [-0.21932321222627926, 1.004031489852527, -0.3769430762319816]]], "shape_curves": [], "raw_construction_lines": [[[-0.22032581388950348, 1.010882099866867, -0.3768941903114319], [0.15771235883235932, 0.9971808791160583, -0.3953268849849701]], [[0.15505021408200265, 1.000136559009552, -0.3973037528991699], [0.16488594740629195, 0.9882299393415451, -0.12986478805541993]], [[0.1580078798532486, 0.9986129212379454, -0.1311943557858467], [-0.20083114445209505, 0.9964119768142701, -0.12078533858060837]], [[-0.20536157190799714, 0.999236382842064, -0.11847219198942185], [-0.21920798361301422, 1.0069619542360306, -0.3718426823616028]]], "raw_shape_curves": [], "line_points": [[-0.21932321155569548, 1.0040314894922473, -0.37694307601671667], [0.15670975649855132, 1.004031489490678, -0.3952779992796853], [-0.03130672752857208, 1.0040314894914628, -0.386110537648201], [0.1696619019892997, 1.0040314899693685, -0.12964097978961694], [0.1631858286806586, 1.0040314898360652, -0.2624594895367708], [-0.20637106685872642, 1.0040314901428444, -0.11130605763111993], [-0.018354582446245035, 1.0040314900679244, -0.12047351876837226], [-0.2128471390414428, 1.004031489930274, -0.24412456690476686], [-0.2094408048894868, 1.004031489971168, -0.17426367876772186]], "line_directions": [[0, 1, 0], [0.9988134041671284, -4.16805802353502e-12, -0.04870096155182574], [0.0487009592269006, 1.0024596074064746e-09, 0.9988134042804891]], "line_lengths": [0.3764796972942169, 0.26595259770834123], "points_info": {"0": [[0.9988134041671284, -4.16805802353502e-12, -0.04870096155182574], [-0.048700958451695996, -5.846675003872361e-10, -0.9988134043182872]], "1": [[0.9988134041671284, -4.16805802353502e-12, -0.04870096155182574], [0.0487009592269006, 1.0024596074064746e-09, 0.9988134042804891]], "2": [[0.9988134041671284, -4.16805802353502e-12, -0.04870096155182574]], "3": [[0.0487009592269006, 1.0024596074064746e-09, 0.9988134042804891], [-0.9988134042996987, 3.980032418353398e-10, 0.04870095883292837]], "4": [[0.0487009592269006, 1.0024596074064746e-09, 0.9988134042804891]], "5": [[-0.9988134042996987, 3.980032418353398e-10, 0.04870095883292837], [-0.048700958451695996, -5.846675003872361e-10, -0.9988134043182872]], "6": [[-0.9988134042996987, 3.980032418353398e-10, 0.04870095883292837]], "7": [[-0.048700958451695996, -5.846675003872361e-10, -0.9988134043182872]], "8": [[-0.048700958451695996, -5.846675003872361e-10, -0.9988134043182872]]}}, {"construction_lines": [[[-0.21932321155569548, 1.0040314894922473, -0.37694307601671667], [0.15670975649855132, 1.004031489490678, -0.3952779992796853]], [[0.15670975537201748, 1.0040314897027618, -0.39527799928392465], [0.1696619019892997, 1.0040314899693685, -0.12964097978961694]], [[0.16966190196623634, 1.0040314899930043, -0.12964097990562456], [-0.20637106685872642, 1.0040314901428444, -0.11130605763111993]], [[-0.20637106585660633, 1.004031490008021, -0.11130605757755213], [-0.21932321222627926, 1.004031489852527, -0.3769430762319816]]], "shape_curves": [], "raw_construction_lines": [[[-0.22032581388950348, 1.010882099866867, -0.3768941903114319], [0.15771235883235932, 0.9971808791160583, -0.3953268849849701]], [[0.15505021408200265, 1.000136559009552, -0.3973037528991699], [0.16488594740629195, 0.9882299393415451, -0.12986478805541993]], [[0.1580078798532486, 0.9986129212379454, -0.1311943557858467], [-0.20083114445209505, 0.9964119768142701, -0.12078533858060837]], [[-0.20536157190799714, 0.999236382842064, -0.11847219198942185], [-0.21920798361301422, 1.0069619542360306, -0.3718426823616028]]], "raw_shape_curves": [], "line_points": [[-0.21932321155569548, 1.0040314894922473, -0.37694307601671667], [0.15670975649855132, 1.004031489490678, -0.3952779992796853], [-0.03130672752857208, 1.0040314894914628, -0.386110537648201], [0.1696619019892997, 1.0040314899693685, -0.12964097978961694], [0.1631858286806586, 1.0040314898360652, -0.2624594895367708], [-0.20637106685872642, 1.0040314901428444, -0.11130605763111993], [-0.018354582446245035, 1.0040314900679244, -0.12047351876837226], [-0.2128471390414428, 1.004031489930274, -0.24412456690476686], [-0.2094408048894868, 1.004031489971168, -0.17426367876772186], [0.1670955227986187, 1.0040314899165421, -0.1822751368331358]], "line_directions": [[0, 1, 0], [0.9988134041671284, -4.16805802353502e-12, -0.04870096155182574], [0.0487009592269006, 1.0024596074064746e-09, 0.9988134042804891]], "line_lengths": [0.3764796972942169, 0.26595259770834123], "points_info": {"0": [[0.9988134041671284, -4.16805802353502e-12, -0.04870096155182574], [-0.048700958451695996, -5.846675003872361e-10, -0.9988134043182872]], "1": [[0.9988134041671284, -4.16805802353502e-12, -0.04870096155182574], [0.0487009592269006, 1.0024596074064746e-09, 0.9988134042804891]], "2": [[0.9988134041671284, -4.16805802353502e-12, -0.04870096155182574]], "3": [[0.0487009592269006, 1.0024596074064746e-09, 0.9988134042804891], [-0.9988134042996987, 3.980032418353398e-10, 0.04870095883292837]], "4": [[0.0487009592269006, 1.0024596074064746e-09, 0.9988134042804891]], "5": [[-0.9988134042996987, 3.980032418353398e-10, 0.04870095883292837], [-0.048700958451695996, -5.846675003872361e-10, -0.9988134043182872]], "6": [[-0.9988134042996987, 3.980032418353398e-10, 0.04870095883292837]], "7": [[-0.048700958451695996, -5.846675003872361e-10, -0.9988134043182872]], "8": [[-0.048700958451695996, -5.846675003872361e-10, -0.9988134043182872]], "9": [[0.0487009592269006, 1.0024596074064746e-09, 0.9988134042804891]]}}, {"construction_lines": [[[-0.21932321155569548, 1.0040314894922473, -0.37694307601671667], [0.15670975649855132, 1.004031489490678, -0.3952779992796853]], [[0.15670975537201748, 1.0040314897027618, -0.39527799928392465], [0.1696619019892997, 1.0040314899693685, -0.12964097978961694]], [[0.16966190196623634, 1.0040314899930043, -0.12964097990562456], [-0.20637106685872642, 1.0040314901428444, -0.11130605763111993]], [[-0.20637106585660633, 1.004031490008021, -0.11130605757755213], [-0.21932321222627926, 1.004031489852527, -0.3769430762319816]], [[-0.21932321102589314, 1.0040314891200608, -0.3769430758475973], [-0.21932321051587006, 1.2699840848797932, -0.3769430759435563]]], "shape_curves": [], "raw_construction_lines": [[[-0.22032581388950348, 1.010882099866867, -0.3768941903114319], [0.15771235883235932, 0.9971808791160583, -0.3953268849849701]], [[0.15505021408200265, 1.000136559009552, -0.3973037528991699], [0.16488594740629195, 0.9882299393415451, -0.12986478805541993]], [[0.1580078798532486, 0.9986129212379454, -0.1311943557858467], [-0.20083114445209505, 0.9964119768142701, -0.12078533858060837]], [[-0.20536157190799714, 0.999236382842064, -0.11847219198942185], [-0.21920798361301422, 1.0069619542360306, -0.3718426823616028]], [[-0.21751755237579345, 1.0093282133340835, -0.37760627150535586], [-0.22317922413349153, 1.2908955657482146, -0.380086305141449]]], "raw_shape_curves": [], "line_points": [[-0.21932321155569548, 1.0040314894922473, -0.37694307601671667], [0.15670975649855132, 1.004031489490678, -0.3952779992796853], [-0.03130672752857208, 1.0040314894914628, -0.386110537648201], [0.1696619019892997, 1.0040314899693685, -0.12964097978961694], [0.1631858286806586, 1.0040314898360652, -0.2624594895367708], [-0.20637106685872642, 1.0040314901428444, -0.11130605763111993], [-0.018354582446245035, 1.0040314900679244, -0.12047351876837226], [-0.2128471390414428, 1.004031489930274, -0.24412456690476686], [-0.2094408048894868, 1.004031489971168, -0.17426367876772186], [0.1670955227986187, 1.0040314899165421, -0.1822751368331358], [-0.21932321051587006, 1.2699840848797932, -0.3769430759435563], [-0.2193232107708816, 1.137007786999927, -0.3769430758955768]], "line_directions": [[0, 1, 0], [0.9988134041671284, -4.16805802353502e-12, -0.04870096155182574], [0.0487009592269006, 1.0024596074064746e-09, 0.9988134042804891]], "line_lengths": [0.3764796972942169, 0.26595259770834123], "points_info": {"0": [[0.9988134041671284, -4.16805802353502e-12, -0.04870096155182574], [-0.048700958451695996, -5.846675003872361e-10, -0.9988134043182872], [1.9177217573996405e-09, 1.0, -3.608124907932766e-10]], "1": [[0.9988134041671284, -4.16805802353502e-12, -0.04870096155182574], [0.0487009592269006, 1.0024596074064746e-09, 0.9988134042804891]], "2": [[0.9988134041671284, -4.16805802353502e-12, -0.04870096155182574]], "3": [[0.0487009592269006, 1.0024596074064746e-09, 0.9988134042804891], [-0.9988134042996987, 3.980032418353398e-10, 0.04870095883292837]], "4": [[0.0487009592269006, 1.0024596074064746e-09, 0.9988134042804891]], "5": [[-0.9988134042996987, 3.980032418353398e-10, 0.04870095883292837], [-0.048700958451695996, -5.846675003872361e-10, -0.9988134043182872]], "6": [[-0.9988134042996987, 3.980032418353398e-10, 0.04870095883292837]], "7": [[-0.048700958451695996, -5.846675003872361e-10, -0.9988134043182872]], "8": [[-0.048700958451695996, -5.846675003872361e-10, -0.9988134043182872]], "9": [[0.0487009592269006, 1.0024596074064746e-09, 0.9988134042804891]], "10": [[1.9177217573996405e-09, 1.0, -3.608124907932766e-10]], "11": [[1.9177217573996405e-09, 1.0, -3.608124907932766e-10]]}}, {"construction_lines": [[[-0.21932321155569548, 1.0040314894922473, -0.37694307601671667], [0.15670975649855132, 1.004031489490678, -0.3952779992796853]], [[0.15670975537201748, 1.0040314897027618, -0.39527799928392465], [0.1696619019892997, 1.0040314899693685, -0.12964097978961694]], [[0.16966190196623634, 1.0040314899930043, -0.12964097990562456], [-0.20637106685872642, 1.0040314901428444, -0.11130605763111993]], [[-0.20637106585660633, 1.004031490008021, -0.11130605757755213], [-0.21932321222627926, 1.004031489852527, -0.3769430762319816]], [[-0.21932321102589314, 1.0040314891200608, -0.3769430758475973], [-0.21932321051587006, 1.2699840848797932, -0.3769430759435563]], [[-0.2063710663210963, 1.0040314900961704, -0.11130605789589933], [-0.2063710662908319, 1.2699841294248955, -0.11130605846159183]]], "shape_curves": [], "raw_construction_lines": [[[-0.22032581388950348, 1.010882099866867, -0.3768941903114319], [0.15771235883235932, 0.9971808791160583, -0.3953268849849701]], [[0.15505021408200265, 1.000136559009552, -0.3973037528991699], [0.16488594740629195, 0.9882299393415451, -0.12986478805541993]], [[0.1580078798532486, 0.9986129212379454, -0.1311943557858467], [-0.20083114445209505, 0.9964119768142701, -0.12078533858060837]], [[-0.20536157190799714, 0.999236382842064, -0.11847219198942185], [-0.21920798361301422, 1.0069619542360306, -0.3718426823616028]], [[-0.21751755237579345, 1.0093282133340835, -0.37760627150535586], [-0.22317922413349153, 1.2908955657482146, -0.380086305141449]], [[-0.20928817689418794, 1.0031826955080032, -0.11220633417367935], [-0.2175761330127716, 1.308744946718216, -0.12710332095623017]]], "raw_shape_curves": [], "line_points": [[-0.21932321155569548, 1.0040314894922473, -0.37694307601671667], [0.15670975649855132, 1.004031489490678, -0.3952779992796853], [-0.03130672752857208, 1.0040314894914628, -0.386110537648201], [0.1696619019892997, 1.0040314899693685, -0.12964097978961694], [0.1631858286806586, 1.0040314898360652, -0.2624594895367708], [-0.20637106685872642, 1.0040314901428444, -0.11130605763111993], [-0.018354582446245035, 1.0040314900679244, -0.12047351876837226], [-0.2128471390414428, 1.004031489930274, -0.24412456690476686], [-0.2094408048894868, 1.004031489971168, -0.17426367876772186], [0.1670955227986187, 1.0040314899165421, -0.1822751368331358], [-0.21932321051587006, 1.2699840848797932, -0.3769430759435563], [-0.2193232107708816, 1.137007786999927, -0.3769430758955768], [-0.2063710662908319, 1.2699841294248955, -0.11130605846159183], [-0.2063710663059641, 1.137007809760533, -0.11130605817874559]], "line_directions": [[0, 1, 0], [0.9988134041671284, -4.16805802353502e-12, -0.04870096155182574], [0.0487009592269006, 1.0024596074064746e-09, 0.9988134042804891]], "line_lengths": [0.3764796972942169, 0.26595259770834123], "points_info": {"0": [[0.9988134041671284, -4.16805802353502e-12, -0.04870096155182574], [-0.048700958451695996, -5.846675003872361e-10, -0.9988134043182872], [1.9177217573996405e-09, 1.0, -3.608124907932766e-10]], "1": [[0.9988134041671284, -4.16805802353502e-12, -0.04870096155182574], [0.0487009592269006, 1.0024596074064746e-09, 0.9988134042804891]], "2": [[0.9988134041671284, -4.16805802353502e-12, -0.04870096155182574]], "3": [[0.0487009592269006, 1.0024596074064746e-09, 0.9988134042804891], [-0.9988134042996987, 3.980032418353398e-10, 0.04870095883292837]], "4": [[0.0487009592269006, 1.0024596074064746e-09, 0.9988134042804891]], "5": [[-0.9988134042996987, 3.980032418353398e-10, 0.04870095883292837], [-0.048700958451695996, -5.846675003872361e-10, -0.9988134043182872], [1.1379620887355792e-10, 1.0, -2.1270422739717355e-09]], "6": [[-0.9988134042996987, 3.980032418353398e-10, 0.04870095883292837]], "7": [[-0.048700958451695996, -5.846675003872361e-10, -0.9988134043182872]], "8": [[-0.048700958451695996, -5.846675003872361e-10, -0.9988134043182872]], "9": [[0.0487009592269006, 1.0024596074064746e-09, 0.9988134042804891]], "10": [[1.9177217573996405e-09, 1.0, -3.608124907932766e-10]], "11": [[1.9177217573996405e-09, 1.0, -3.608124907932766e-10]], "12": [[1.1379620887355792e-10, 1.0, -2.1270422739717355e-09]], "13": [[1.1379620887355792e-10, 1.0, -2.1270422739717355e-09]]}}, {"construction_lines": [[[-0.21932321155569548, 1.0040314894922473, -0.37694307601671667], [0.15670975649855132, 1.004031489490678, -0.3952779992796853]], [[0.15670975537201748, 1.0040314897027618, -0.39527799928392465], [0.1696619019892997, 1.0040314899693685, -0.12964097978961694]], [[0.16966190196623634, 1.0040314899930043, -0.12964097990562456], [-0.20637106685872642, 1.0040314901428444, -0.11130605763111993]], [[-0.20637106585660633, 1.004031490008021, -0.11130605757755213], [-0.21932321222627926, 1.004031489852527, -0.3769430762319816]], [[-0.21932321102589314, 1.0040314891200608, -0.3769430758475973], [-0.21932321051587006, 1.2699840848797932, -0.3769430759435563]], [[-0.2063710663210963, 1.0040314900961704, -0.11130605789589933], [-0.2063710662908319, 1.2699841294248955, -0.11130605846159183]], [[0.16966190071569912, 1.0040314899686718, -0.12964100407247348], [0.16966190049819352, 1.3805111871792535, -0.1296410048179701]]], "shape_curves": [], "raw_construction_lines": [[[-0.22032581388950348, 1.010882099866867, -0.3768941903114319], [0.15771235883235932, 0.9971808791160583, -0.3953268849849701]], [[0.15505021408200265, 1.000136559009552, -0.3973037528991699], [0.16488594740629195, 0.9882299393415451, -0.12986478805541993]], [[0.1580078798532486, 0.9986129212379454, -0.1311943557858467], [-0.20083114445209505, 0.9964119768142701, -0.12078533858060837]], [[-0.20536157190799714, 0.999236382842064, -0.11847219198942185], [-0.21920798361301422, 1.0069619542360306, -0.3718426823616028]], [[-0.21751755237579345, 1.0093282133340835, -0.37760627150535586], [-0.22317922413349153, 1.2908955657482146, -0.380086305141449]], [[-0.20928817689418794, 1.0031826955080032, -0.11220633417367935], [-0.2175761330127716, 1.308744946718216, -0.12710332095623017]], [[0.1706808651983738, 1.0019031223654746, -0.13571534186601641], [0.16502145946025848, 1.3431553757190704, -0.13492602109909058]]], "raw_shape_curves": [], "line_points": [[-0.21932321155569548, 1.0040314894922473, -0.37694307601671667], [0.15670975649855132, 1.004031489490678, -0.3952779992796853], [-0.03130672752857208, 1.0040314894914628, -0.386110537648201], [0.1696619019892997, 1.0040314899693685, -0.12964097978961694], [0.1631858286806586, 1.0040314898360652, -0.2624594895367708], [-0.20637106685872642, 1.0040314901428444, -0.11130605763111993], [-0.018354582446245035, 1.0040314900679244, -0.12047351876837226], [-0.2128471390414428, 1.004031489930274, -0.24412456690476686], [-0.2094408048894868, 1.004031489971168, -0.17426367876772186], [0.1670955227986187, 1.0040314899165421, -0.1822751368331358], [-0.21932321051587006, 1.2699840848797932, -0.3769430759435563], [-0.2193232107708816, 1.137007786999927, -0.3769430758955768], [-0.2063710662908319, 1.2699841294248955, -0.11130605846159183], [-0.2063710663059641, 1.137007809760533, -0.11130605817874559], [0.16966190049819352, 1.3805111871792535, -0.1296410048179701], [0.1696619006069463, 1.1922713385739625, -0.1296410044452218]], "line_directions": [[0, 1, 0], [0.9988134041671284, -4.16805802353502e-12, -0.04870096155182574], [0.0487009592269006, 1.0024596074064746e-09, 0.9988134042804891]], "line_lengths": [0.3764796972942169, 0.26595259770834123], "points_info": {"0": [[0.9988134041671284, -4.16805802353502e-12, -0.04870096155182574], [-0.048700958451695996, -5.846675003872361e-10, -0.9988134043182872], [1.9177217573996405e-09, 1.0, -3.608124907932766e-10]], "1": [[0.9988134041671284, -4.16805802353502e-12, -0.04870096155182574], [0.0487009592269006, 1.0024596074064746e-09, 0.9988134042804891]], "2": [[0.9988134041671284, -4.16805802353502e-12, -0.04870096155182574]], "3": [[0.0487009592269006, 1.0024596074064746e-09, 0.9988134042804891], [-0.9988134042996987, 3.980032418353398e-10, 0.04870095883292837], [-5.77735262959131e-10, 1.0, -1.980177529275706e-09]], "4": [[0.0487009592269006, 1.0024596074064746e-09, 0.9988134042804891]], "5": [[-0.9988134042996987, 3.980032418353398e-10, 0.04870095883292837], [-0.048700958451695996, -5.846675003872361e-10, -0.9988134043182872], [1.1379620887355792e-10, 1.0, -2.1270422739717355e-09]], "6": [[-0.9988134042996987, 3.980032418353398e-10, 0.04870095883292837]], "7": [[-0.048700958451695996, -5.846675003872361e-10, -0.9988134043182872]], "8": [[-0.048700958451695996, -5.846675003872361e-10, -0.9988134043182872]], "9": [[0.0487009592269006, 1.0024596074064746e-09, 0.9988134042804891]], "10": [[1.9177217573996405e-09, 1.0, -3.608124907932766e-10]], "11": [[1.9177217573996405e-09, 1.0, -3.608124907932766e-10]], "12": [[1.1379620887355792e-10, 1.0, -2.1270422739717355e-09]], "13": [[1.1379620887355792e-10, 1.0, -2.1270422739717355e-09]], "14": [[-5.77735262959131e-10, 1.0, -1.980177529275706e-09]], "15": [[-5.77735262959131e-10, 1.0, -1.980177529275706e-09]]}}, {"construction_lines": [[[-0.21932321155569548, 1.0040314894922473, -0.37694307601671667], [0.15670975649855132, 1.004031489490678, -0.3952779992796853]], [[0.15670975537201748, 1.0040314897027618, -0.39527799928392465], [0.1696619019892997, 1.0040314899693685, -0.12964097978961694]], [[0.16966190196623634, 1.0040314899930043, -0.12964097990562456], [-0.20637106685872642, 1.0040314901428444, -0.11130605763111993]], [[-0.20637106585660633, 1.004031490008021, -0.11130605757755213], [-0.21932321222627926, 1.004031489852527, -0.3769430762319816]], [[-0.21932321102589314, 1.0040314891200608, -0.3769430758475973], [-0.21932321051587006, 1.2699840848797932, -0.3769430759435563]], [[-0.2063710663210963, 1.0040314900961704, -0.11130605789589933], [-0.2063710662908319, 1.2699841294248955, -0.11130605846159183]], [[0.16966190071569912, 1.0040314899686718, -0.12964100407247348], [0.16966190049819352, 1.3805111871792535, -0.1296410048179701]], [[0.1567097568265444, 1.0040314897418683, -0.39527799944720904], [0.15670975739224524, 1.2699840883364981, -0.3952779992280716]]], "shape_curves": [], "raw_construction_lines": [[[-0.22032581388950348, 1.010882099866867, -0.3768941903114319], [0.15771235883235932, 0.9971808791160583, -0.3953268849849701]], [[0.15505021408200265, 1.000136559009552, -0.3973037528991699], [0.16488594740629195, 0.9882299393415451, -0.12986478805541993]], [[0.1580078798532486, 0.9986129212379454, -0.1311943557858467], [-0.20083114445209505, 0.9964119768142701, -0.12078533858060837]], [[-0.20536157190799714, 0.999236382842064, -0.11847219198942185], [-0.21920798361301422, 1.0069619542360306, -0.3718426823616028]], [[-0.21751755237579345, 1.0093282133340835, -0.37760627150535586], [-0.22317922413349153, 1.2908955657482146, -0.380086305141449]], [[-0.20928817689418794, 1.0031826955080032, -0.11220633417367935], [-0.2175761330127716, 1.308744946718216, -0.12710332095623017]], [[0.1706808651983738, 1.0019031223654746, -0.13571534186601641], [0.16502145946025848, 1.3431553757190704, -0.13492602109909058]], [[0.15899013698101044, 1.0073802977800368, -0.3993412709236145], [0.15342510104179383, 1.2817671608924865, -0.3914407026767731]]], "raw_shape_curves": [], "line_points": [[-0.21932321155569548, 1.0040314894922473, -0.37694307601671667], [0.15670975649855132, 1.004031489490678, -0.3952779992796853], [-0.03130672752857208, 1.0040314894914628, -0.386110537648201], [0.1696619019892997, 1.0040314899693685, -0.12964097978961694], [0.1631858286806586, 1.0040314898360652, -0.2624594895367708], [-0.20637106685872642, 1.0040314901428444, -0.11130605763111993], [-0.018354582446245035, 1.0040314900679244, -0.12047351876837226], [-0.2128471390414428, 1.004031489930274, -0.24412456690476686], [-0.2094408048894868, 1.004031489971168, -0.17426367876772186], [0.1670955227986187, 1.0040314899165421, -0.1822751368331358], [-0.21932321051587006, 1.2699840848797932, -0.3769430759435563], [-0.2193232107708816, 1.137007786999927, -0.3769430758955768], [-0.2063710662908319, 1.2699841294248955, -0.11130605846159183], [-0.2063710663059641, 1.137007809760533, -0.11130605817874559], [0.16966190049819352, 1.3805111871792535, -0.1296410048179701], [0.1696619006069463, 1.1922713385739625, -0.1296410044452218], [0.15670975739224524, 1.2699840883364981, -0.3952779992280716], [0.15670975710939483, 1.1370077890391832, -0.3952779993376403]], "line_directions": [[0, 1, 0], [0.9988134041671284, -4.16805802353502e-12, -0.04870096155182574], [0.0487009592269006, 1.0024596074064746e-09, 0.9988134042804891]], "line_lengths": [0.3764796972942169, 0.26595259770834123], "points_info": {"0": [[0.9988134041671284, -4.16805802353502e-12, -0.04870096155182574], [-0.048700958451695996, -5.846675003872361e-10, -0.9988134043182872], [1.9177217573996405e-09, 1.0, -3.608124907932766e-10]], "1": [[0.9988134041671284, -4.16805802353502e-12, -0.04870096155182574], [0.0487009592269006, 1.0024596074064746e-09, 0.9988134042804891], [2.1270739607973562e-09, 1.0, 8.23971758809218e-10]], "2": [[0.9988134041671284, -4.16805802353502e-12, -0.04870096155182574]], "3": [[0.0487009592269006, 1.0024596074064746e-09, 0.9988134042804891], [-0.9988134042996987, 3.980032418353398e-10, 0.04870095883292837], [-5.77735262959131e-10, 1.0, -1.980177529275706e-09]], "4": [[0.0487009592269006, 1.0024596074064746e-09, 0.9988134042804891]], "5": [[-0.9988134042996987, 3.980032418353398e-10, 0.04870095883292837], [-0.048700958451695996, -5.846675003872361e-10, -0.9988134043182872], [1.1379620887355792e-10, 1.0, -2.1270422739717355e-09]], "6": [[-0.9988134042996987, 3.980032418353398e-10, 0.04870095883292837]], "7": [[-0.048700958451695996, -5.846675003872361e-10, -0.9988134043182872]], "8": [[-0.048700958451695996, -5.846675003872361e-10, -0.9988134043182872]], "9": [[0.0487009592269006, 1.0024596074064746e-09, 0.9988134042804891]], "10": [[1.9177217573996405e-09, 1.0, -3.608124907932766e-10]], "11": [[1.9177217573996405e-09, 1.0, -3.608124907932766e-10]], "12": [[1.1379620887355792e-10, 1.0, -2.1270422739717355e-09]], "13": [[1.1379620887355792e-10, 1.0, -2.1270422739717355e-09]], "14": [[-5.77735262959131e-10, 1.0, -1.980177529275706e-09]], "15": [[-5.77735262959131e-10, 1.0, -1.980177529275706e-09]], "16": [[2.1270739607973562e-09, 1.0, 8.23971758809218e-10]], "17": [[2.1270739607973562e-09, 1.0, 8.23971758809218e-10]]}}, {"construction_lines": [[[-0.21932321155569548, 1.0040314894922473, -0.37694307601671667], [0.15670975649855132, 1.004031489490678, -0.3952779992796853]], [[0.15670975537201748, 1.0040314897027618, -0.39527799928392465], [0.1696619019892997, 1.0040314899693685, -0.12964097978961694]], [[0.16966190196623634, 1.0040314899930043, -0.12964097990562456], [-0.20637106685872642, 1.0040314901428444, -0.11130605763111993]], [[-0.20637106585660633, 1.004031490008021, -0.11130605757755213], [-0.21932321222627926, 1.004031489852527, -0.3769430762319816]], [[-0.21932321102589314, 1.0040314891200608, -0.3769430758475973], [-0.21932321051587006, 1.2699840848797932, -0.3769430759435563]], [[-0.2063710663210963, 1.0040314900961704, -0.11130605789589933], [-0.2063710662908319, 1.2699841294248955, -0.11130605846159183]], [[0.16966190071569912, 1.0040314899686718, -0.12964100407247348], [0.16966190049819352, 1.3805111871792535, -0.1296410048179701]], [[0.1567097568265444, 1.0040314897418683, -0.39527799944720904], [0.15670975739224524, 1.2699840883364981, -0.3952779992280716]], [[-0.20637106628647287, 1.269984127675735, -0.11130606229760012], [0.16966190109406207, 1.269984126473021, -0.12964099722757488]]], "shape_curves": [], "raw_construction_lines": [[[-0.22032581388950348, 1.010882099866867, -0.3768941903114319], [0.15771235883235932, 0.9971808791160583, -0.3953268849849701]], [[0.15505021408200265, 1.000136559009552, -0.3973037528991699], [0.16488594740629195, 0.9882299393415451, -0.12986478805541993]], [[0.1580078798532486, 0.9986129212379454, -0.1311943557858467], [-0.20083114445209505, 0.9964119768142701, -0.12078533858060837]], [[-0.20536157190799714, 0.999236382842064, -0.11847219198942185], [-0.21920798361301422, 1.0069619542360306, -0.3718426823616028]], [[-0.21751755237579345, 1.0093282133340835, -0.37760627150535586], [-0.22317922413349153, 1.2908955657482146, -0.380086305141449]], [[-0.20928817689418794, 1.0031826955080032, -0.11220633417367935], [-0.2175761330127716, 1.308744946718216, -0.12710332095623017]], [[0.1706808651983738, 1.0019031223654746, -0.13571534186601641], [0.16502145946025848, 1.3431553757190704, -0.13492602109909058]], [[0.15899013698101044, 1.0073802977800368, -0.3993412709236145], [0.15342510104179383, 1.2817671608924865, -0.3914407026767731]], [[-0.20570570409297942, 1.2661793196201325, -0.11061100974678995], [0.16147775769233705, 1.2735839647054672, -0.12600544750690462]]], "raw_shape_curves": [], "line_points": [[-0.21932321155569548, 1.0040314894922473, -0.37694307601671667], [0.15670975649855132, 1.004031489490678, -0.3952779992796853], [-0.03130672752857208, 1.0040314894914628, -0.386110537648201], [0.1696619019892997, 1.0040314899693685, -0.12964097978961694], [0.1631858286806586, 1.0040314898360652, -0.2624594895367708], [-0.20637106685872642, 1.0040314901428444, -0.11130605763111993], [-0.018354582446245035, 1.0040314900679244, -0.12047351876837226], [-0.2128471390414428, 1.004031489930274, -0.24412456690476686], [-0.2094408048894868, 1.004031489971168, -0.17426367876772186], [0.1670955227986187, 1.0040314899165421, -0.1822751368331358], [-0.21932321051587006, 1.2699840848797932, -0.3769430759435563], [-0.2193232107708816, 1.137007786999927, -0.3769430758955768], [-0.2063710662908319, 1.2699841294248955, -0.11130605846159183], [-0.2063710663059641, 1.137007809760533, -0.11130605817874559], [0.16966190049819352, 1.3805111871792535, -0.1296410048179701], [0.1696619006069463, 1.1922713385739625, -0.1296410044452218], [0.15670975739224524, 1.2699840883364981, -0.3952779992280716], [0.15670975710939483, 1.1370077890391832, -0.3952779993376403], [0.16966190109406207, 1.269984126473021, -0.12964099722757488], [-0.0183545825962054, 1.2699841270743781, -0.1204735297625875]], "line_directions": [[0, 1, 0], [0.9988134041671284, -4.16805802353502e-12, -0.04870096155182574], [0.0487009592269006, 1.0024596074064746e-09, 0.9988134042804891]], "line_lengths": [0.3764796972942169, 0.26595259770834123], "points_info": {"0": [[0.9988134041671284, -4.16805802353502e-12, -0.04870096155182574], [-0.048700958451695996, -5.846675003872361e-10, -0.9988134043182872], [1.9177217573996405e-09, 1.0, -3.608124907932766e-10]], "1": [[0.9988134041671284, -4.16805802353502e-12, -0.04870096155182574], [0.0487009592269006, 1.0024596074064746e-09, 0.9988134042804891], [2.1270739607973562e-09, 1.0, 8.23971758809218e-10]], "2": [[0.9988134041671284, -4.16805802353502e-12, -0.04870096155182574]], "3": [[0.0487009592269006, 1.0024596074064746e-09, 0.9988134042804891], [-0.9988134042996987, 3.980032418353398e-10, 0.04870095883292837], [-5.77735262959131e-10, 1.0, -1.980177529275706e-09]], "4": [[0.0487009592269006, 1.0024596074064746e-09, 0.9988134042804891]], "5": [[-0.9988134042996987, 3.980032418353398e-10, 0.04870095883292837], [-0.048700958451695996, -5.846675003872361e-10, -0.9988134043182872], [1.1379620887355792e-10, 1.0, -2.1270422739717355e-09]], "6": [[-0.9988134042996987, 3.980032418353398e-10, 0.04870095883292837]], "7": [[-0.048700958451695996, -5.846675003872361e-10, -0.9988134043182872]], "8": [[-0.048700958451695996, -5.846675003872361e-10, -0.9988134043182872]], "9": [[0.0487009592269006, 1.0024596074064746e-09, 0.9988134042804891]], "10": [[1.9177217573996405e-09, 1.0, -3.608124907932766e-10]], "11": [[1.9177217573996405e-09, 1.0, -3.608124907932766e-10]], "12": [[1.1379620887355792e-10, 1.0, -2.1270422739717355e-09], [0.9988134026554447, -3.1946321660184092e-09, -0.04870099255510709]], "13": [[1.1379620887355792e-10, 1.0, -2.1270422739717355e-09]], "14": [[-5.77735262959131e-10, 1.0, -1.980177529275706e-09]], "15": [[-5.77735262959131e-10, 1.0, -1.980177529275706e-09]], "16": [[2.1270739607973562e-09, 1.0, 8.23971758809218e-10]], "17": [[2.1270739607973562e-09, 1.0, 8.23971758809218e-10]], "18": [[0.9988134026554447, -3.1946321660184092e-09, -0.04870099255510709]], "19": [[0.9988134026554447, -3.1946321660184092e-09, -0.04870099255510709]]}}, {"construction_lines": [[[-0.21932321155569548, 1.0040314894922473, -0.37694307601671667], [0.15670975649855132, 1.004031489490678, -0.3952779992796853]], [[0.15670975537201748, 1.0040314897027618, -0.39527799928392465], [0.1696619019892997, 1.0040314899693685, -0.12964097978961694]], [[0.16966190196623634, 1.0040314899930043, -0.12964097990562456], [-0.20637106685872642, 1.0040314901428444, -0.11130605763111993]], [[-0.20637106585660633, 1.004031490008021, -0.11130605757755213], [-0.21932321222627926, 1.004031489852527, -0.3769430762319816]], [[-0.21932321102589314, 1.0040314891200608, -0.3769430758475973], [-0.21932321051587006, 1.2699840848797932, -0.3769430759435563]], [[-0.2063710663210963, 1.0040314900961704, -0.11130605789589933], [-0.2063710662908319, 1.2699841294248955, -0.11130605846159183]], [[0.16966190071569912, 1.0040314899686718, -0.12964100407247348], [0.16966190049819352, 1.3805111871792535, -0.1296410048179701]], [[0.1567097568265444, 1.0040314897418683, -0.39527799944720904], [0.15670975739224524, 1.2699840883364981, -0.3952779992280716]], [[-0.20637106628647287, 1.269984127675735, -0.11130606229760012], [0.16966190109406207, 1.269984126473021, -0.12964099722757488]], [[-0.20637106535972385, 1.2699841191153878, -0.11130605948640547], [-0.21932321158600462, 1.269984103313685, -0.3769430768406533]]], "shape_curves": [], "raw_construction_lines": [[[-0.22032581388950348, 1.010882099866867, -0.3768941903114319], [0.15771235883235932, 0.9971808791160583, -0.3953268849849701]], [[0.15505021408200265, 1.000136559009552, -0.3973037528991699], [0.16488594740629195, 0.9882299393415451, -0.12986478805541993]], [[0.1580078798532486, 0.9986129212379454, -0.1311943557858467], [-0.20083114445209505, 0.9964119768142701, -0.12078533858060837]], [[-0.20536157190799714, 0.999236382842064, -0.11847219198942185], [-0.21920798361301422, 1.0069619542360306, -0.3718426823616028]], [[-0.21751755237579345, 1.0093282133340835, -0.37760627150535586], [-0.22317922413349153, 1.2908955657482146, -0.380086305141449]], [[-0.20928817689418794, 1.0031826955080032, -0.11220633417367935], [-0.2175761330127716, 1.308744946718216, -0.12710332095623017]], [[0.1706808651983738, 1.0019031223654746, -0.13571534186601641], [0.16502145946025848, 1.34